     0/499     5.54G     0.102   0.08074         0    0.1827         7       416         0         0         0         0         0         0         0
     1/499     6.98G   0.09512    0.0838         0    0.1789         7       416         0         0         0         0         0         0         0
     2/499     6.98G   0.08892   0.08577         0    0.1747         7       416         0         0         0         0         0         0         0
     3/499     6.98G   0.08406   0.08461         0    0.1687        11       416         0         0         0         0         0         0         0
     4/499     6.98G   0.08042   0.08348         0    0.1639        19       416         0         0         0         0         0         0         0
     5/499     6.98G   0.07871    0.0824         0    0.1611        11       416         0         0         0         0         0         0         0
     6/499     6.98G   0.07508   0.08292         0     0.158        17       416         0         0         0         0         0         0         0
     7/499     6.98G   0.07305   0.08247         0    0.1555         7       416         0         0         0         0         0         0         0
     8/499     6.98G   0.07243   0.08317         0    0.1556         7       416         0         0         0         0         0         0         0
     9/499     6.98G   0.07163    0.0815         0    0.1531        26       416         0         0         0         0         0         0         0
    10/499     6.98G   0.06871   0.08074         0    0.1494        10       416         0         0         0         0         0         0         0
    11/499     6.98G   0.06713    0.0803         0    0.1474        13       416         0         0         0         0         0         0         0
    12/499     6.98G   0.06536    0.0801         0    0.1455        18       416         0         0         0         0         0         0         0
    13/499     6.98G   0.06463   0.07636         0     0.141         7       416         0         0         0         0         0         0         0
    14/499     6.98G   0.06355   0.07818         0    0.1417        10       416         0         0         0         0         0         0         0
    15/499     6.98G   0.06248   0.07716         0    0.1396        14       416         0         0         0         0         0         0         0
    16/499     6.98G   0.06196   0.07666         0    0.1386         8       416         0         0         0         0         0         0         0
    17/499     6.98G   0.06021   0.07496         0    0.1352         6       416         0         0         0         0         0         0         0
    18/499     6.98G    0.0602   0.07464         0    0.1348         5       416         0         0         0         0         0         0         0
    19/499     6.98G   0.05932   0.07412         0    0.1334        10       416         0         0         0         0         0         0         0
    20/499     6.98G   0.05854   0.07457         0    0.1331        11       416         0         0         0         0         0         0         0
    21/499     6.98G   0.05766    0.0719         0    0.1296        15       416         0         0         0         0         0         0         0
    22/499     6.98G   0.05694   0.07171         0    0.1286        25       416         0         0         0         0         0         0         0
    23/499     6.98G   0.05682    0.0719         0    0.1287         8       416         0         0         0         0         0         0         0
    24/499     6.98G   0.05566   0.07126         0    0.1269         7       416         0         0         0         0         0         0         0
    25/499     6.98G   0.05566   0.06949         0    0.1251         8       416         0         0         0         0         0         0         0
    26/499     6.98G   0.05526   0.07072         0     0.126        10       416         0         0         0         0         0         0         0
    27/499     6.98G   0.05558   0.07045         0     0.126         6       416         0         0         0         0         0         0         0
    28/499     6.98G   0.05397   0.06898         0    0.1229        16       416         0         0         0         0         0         0         0
    29/499     6.98G   0.05334   0.06895         0    0.1223         9       416         0         0         0         0         0         0         0
    30/499     6.98G   0.05296   0.06816         0    0.1211        16       416         0         0         0         0         0         0         0
    31/499     6.98G   0.05308   0.07004         0    0.1231         6       416         0         0         0         0         0         0         0
    32/499     6.98G   0.05244    0.0674         0    0.1198         7       416         0         0         0         0         0         0         0
    33/499     6.98G   0.05226   0.06828         0    0.1205        14       416         0         0         0         0         0         0         0
    34/499     6.98G   0.05181   0.06645         0    0.1183         8       416         0         0         0         0         0         0         0
    35/499     6.98G   0.05124   0.06578         0     0.117         5       416         0         0         0         0         0         0         0
    36/499     6.98G   0.05146   0.06606         0    0.1175         8       416         0         0         0         0         0         0         0
    37/499     6.98G   0.05063   0.06509         0    0.1157         4       416         0         0         0         0         0         0         0
    38/499     6.98G   0.05017    0.0657         0    0.1159        10       416         0         0         0         0         0         0         0
    39/499     6.98G   0.04996   0.06461         0    0.1146        17       416         0         0         0         0         0         0         0
    40/499     6.98G   0.04969   0.06469         0    0.1144        12       416         0         0         0         0         0         0         0
    41/499     6.98G   0.04943   0.06496         0    0.1144        13       416         0         0         0         0         0         0         0
    42/499     6.98G   0.04843   0.06425         0    0.1127         7       416         0         0         0         0         0         0         0
    43/499     6.98G   0.04806    0.0643         0    0.1124        18       416         0         0         0         0         0         0         0
    44/499     6.98G     0.048   0.06344         0    0.1114        12       416         0         0         0         0         0         0         0
    45/499     6.98G   0.04784   0.06456         0    0.1124         7       416         0         0         0         0         0         0         0
    46/499     6.98G   0.04748   0.06208         0    0.1096         9       416         0         0         0         0         0         0         0
    47/499     6.98G   0.04761   0.06389         0    0.1115         9       416         0         0         0         0         0         0         0
    48/499     6.98G   0.04789   0.06261         0    0.1105         7       416         0         0         0         0         0         0         0
    49/499     6.98G   0.04657   0.06185         0    0.1084         8       416         0         0         0         0         0         0         0
    50/499     6.98G   0.04654   0.06024         0    0.1068        12       416         0         0         0         0         0         0         0
    51/499     6.98G   0.04631   0.06093         0    0.1072        11       416         0         0         0         0         0         0         0
    52/499     6.98G   0.04636   0.06079         0    0.1071         8       416         0         0         0         0         0         0         0
    53/499     6.98G   0.04596   0.05964         0    0.1056         9       416         0         0         0         0         0         0         0
    54/499     6.98G   0.04586   0.06053         0    0.1064        10       416         0         0         0         0         0         0         0
    55/499     6.98G   0.04522   0.06029         0    0.1055        10       416         0         0         0         0         0         0         0
    56/499     6.98G   0.04568   0.06035         0     0.106        11       416         0         0         0         0         0         0         0
    57/499     6.98G   0.04493   0.05938         0    0.1043         9       416         0         0         0         0         0         0         0
    58/499     6.98G   0.04442   0.05926         0    0.1037        11       416         0         0         0         0         0         0         0
    59/499     6.98G   0.04479   0.05968         0    0.1045        10       416         0         0         0         0         0         0         0
    60/499     6.98G   0.04388   0.05894         0    0.1028        12       416         0         0         0         0         0         0         0
    61/499     6.98G   0.04365   0.05982         0    0.1035        17       416         0         0         0         0         0         0         0
    62/499     6.98G    0.0438    0.0602         0     0.104         8       416         0         0         0         0         0         0         0
    63/499     6.98G   0.04426   0.05826         0    0.1025         9       416         0         0         0         0         0         0         0
    64/499     6.98G   0.04296   0.05831         0    0.1013         8       416         0         0         0         0         0         0         0
    65/499     6.98G   0.04333   0.05782         0    0.1012         5       416         0         0         0         0         0         0         0
    66/499     6.98G     0.043    0.0568         0    0.0998        10       416         0         0         0         0         0         0         0
    67/499     6.98G   0.04292   0.05702         0   0.09994        12       416         0         0         0         0         0         0         0
    68/499     6.98G   0.04259   0.05746         0    0.1001        12       416         0         0         0         0         0         0         0
    69/499     6.98G   0.04251   0.05635         0   0.09886         3       416         0         0         0         0         0         0         0
    70/499     6.98G   0.04175   0.05541         0   0.09716         7       416         0         0         0         0         0         0         0
    71/499     6.98G   0.04214    0.0562         0   0.09834         8       416         0         0         0         0         0         0         0
    72/499     6.98G   0.04218    0.0562         0   0.09838        11       416         0         0         0         0         0         0         0
    73/499     6.98G   0.04215   0.05648         0   0.09863         4       416         0         0         0         0         0         0         0
    74/499     6.98G   0.04203   0.05607         0    0.0981         6       416         0         0         0         0         0         0         0
    75/499     6.98G    0.0408   0.05588         0   0.09668         5       416         0         0         0         0         0         0         0
    76/499     6.98G   0.04184     0.055         0   0.09684         6       416         0         0         0         0         0         0         0
    77/499     6.98G   0.04059    0.0554         0   0.09599        14       416         0         0         0         0         0         0         0
    78/499     6.98G   0.04068   0.05402         0   0.09471        16       416         0         0         0         0         0         0         0
    79/499     6.98G   0.04064   0.05539         0   0.09603         8       416         0         0         0         0         0         0         0
    80/499     6.98G   0.04014   0.05534         0   0.09548         5       416         0         0         0         0         0         0         0
    81/499     6.98G   0.04027   0.05491         0   0.09517         7       416         0         0         0         0         0         0         0
    82/499     6.98G   0.04086   0.05509         0   0.09596        13       416         0         0         0         0         0         0         0
    83/499     6.98G   0.03993   0.05433         0   0.09427        10       416         0         0         0         0         0         0         0
    84/499     6.98G   0.04015   0.05411         0   0.09426        11       416         0         0         0         0         0         0         0
    85/499     6.98G    0.0398   0.05416         0   0.09395         7       416         0         0         0         0         0         0         0
    86/499     6.98G   0.04016   0.05313         0   0.09329        12       416         0         0         0         0         0         0         0
    87/499     6.98G   0.03923   0.05231         0   0.09153         5       416         0         0         0         0         0         0         0
    88/499     6.98G   0.04011   0.05352         0   0.09363         4       416         0         0         0         0         0         0         0
    89/499     6.98G   0.03937   0.05225         0   0.09161         5       416         0         0         0         0         0         0         0
    90/499     6.98G   0.03966   0.05259         0   0.09225        10       416         0         0         0         0         0         0         0
    91/499     6.98G    0.0392   0.05289         0   0.09208         5       416         0         0         0         0         0         0         0
    92/499     6.98G    0.0384   0.05203         0   0.09043         9       416         0         0         0         0         0         0         0
    93/499     6.98G   0.03925   0.05215         0    0.0914        10       416         0         0         0         0         0         0         0
    94/499     6.98G   0.03923   0.05276         0   0.09199        14       416         0         0         0         0         0         0         0
    95/499     6.98G   0.03823   0.05251         0   0.09074         6       416         0         0         0         0         0         0         0
    96/499     6.98G   0.03828   0.05306         0   0.09134        10       416         0         0         0         0         0         0         0
    97/499     6.98G   0.03819   0.05262         0   0.09081        13       416         0         0         0         0         0         0         0
    98/499     6.98G   0.03805   0.05161         0   0.08965        11       416         0         0         0         0         0         0         0
    99/499     6.98G   0.03759   0.05247         0   0.09005        10       416         0         0         0         0         0         0         0
   100/499     6.98G   0.03785    0.0508         0   0.08865         7       416         0         0         0         0         0         0         0
   101/499     6.98G   0.03806   0.05125         0   0.08932        17       416         0         0         0         0         0         0         0
   102/499     6.98G   0.03758   0.05172         0    0.0893        19       416         0         0         0         0         0         0         0
   103/499     6.98G   0.03739   0.05092         0   0.08831        12       416         0         0         0         0         0         0         0
   104/499     6.98G   0.03773   0.05109         0   0.08881         7       416         0         0         0         0         0         0         0
   105/499     6.98G   0.03734   0.05225         0   0.08959         7       416         0         0         0         0         0         0         0
   106/499     6.98G    0.0372   0.05014         0   0.08734        13       416         0         0         0         0         0         0         0
   107/499     6.98G   0.03731   0.05062         0   0.08793         7       416         0         0         0         0         0         0         0
   108/499     6.98G   0.03738   0.05074         0   0.08812        18       416         0         0         0         0         0         0         0
   109/499     6.98G   0.03703   0.05062         0   0.08765        11       416         0         0         0         0         0         0         0
   110/499     6.98G   0.03661   0.05076         0   0.08737         8       416         0         0         0         0         0         0         0
   111/499     6.98G   0.03669   0.05017         0   0.08687         6       416         0         0         0         0         0         0         0
   112/499     6.98G   0.03646   0.05002         0   0.08648        12       416         0         0         0         0         0         0         0
   113/499     6.98G   0.03661   0.04921         0   0.08582        15       416         0         0         0         0         0         0         0
   114/499     6.98G   0.03644   0.04847         0   0.08492         9       416         0         0         0         0         0         0         0
   115/499     6.98G   0.03615   0.05006         0   0.08621         6       416         0         0         0         0         0         0         0
   116/499     6.98G   0.03589   0.04955         0   0.08543         4       416         0         0         0         0         0         0         0
   117/499     6.98G   0.03636    0.0493         0   0.08566        20       416         0         0         0         0         0         0         0
   118/499     6.98G   0.03608   0.05012         0    0.0862        20       416         0         0         0         0         0         0         0
   119/499     6.98G    0.0361   0.05054         0   0.08664        10       416         0         0         0         0         0         0         0
   120/499     6.98G   0.03547   0.04926         0   0.08472        14       416         0         0         0         0         0         0         0
   121/499     6.98G   0.03573    0.0476         0   0.08334         5       416         0         0         0         0         0         0         0
   122/499     6.98G   0.03557   0.04859         0   0.08416        15       416         0         0         0         0         0         0         0
   123/499     6.98G   0.03522   0.04917         0   0.08439         6       416         0         0         0         0         0         0         0
   124/499     6.98G   0.03561   0.04999         0   0.08559         6       416         0         0         0         0         0         0         0
   125/499     6.98G   0.03503   0.04855         0   0.08358        18       416         0         0         0         0         0         0         0
   126/499     6.98G   0.03533   0.04954         0   0.08487         6       416         0         0         0         0         0         0         0
   127/499     6.98G   0.03495   0.04705         0     0.082        11       416         0         0         0         0         0         0         0
   128/499     6.98G   0.03487   0.04906         0   0.08393        12       416         0         0         0         0         0         0         0
