     0/299     3.39G   0.08969    0.0691         0    0.1588        86       416         0         0         0         0         0         0         0
     1/299     3.39G   0.06061   0.06716         0    0.1278        80       416         0         0         0         0         0         0         0
     2/299     3.39G   0.05527   0.06765         0    0.1229        84       416         0         0         0         0         0         0         0
     3/299     3.39G   0.05284   0.06708         0    0.1199        93       416         0         0         0         0         0         0         0
     4/299     3.39G   0.05236   0.06885         0    0.1212        99       416         0         0         0         0         0         0         0
     5/299     3.39G   0.05425   0.06864         0    0.1229        71       416         0         0         0         0         0         0         0
     6/299     3.39G    0.0524   0.06845         0    0.1208        77       416         0         0         0         0         0         0         0
     7/299     3.39G    0.0511   0.06763         0    0.1187        76       416         0         0         0         0         0         0         0
     8/299     3.39G   0.04946   0.06634         0    0.1158       106       416         0         0         0         0         0         0         0
     9/299     3.39G   0.04868    0.0663         0     0.115        86       416         0         0         0         0         0         0         0
    10/299     3.39G   0.04783   0.06514         0     0.113        84       416         0         0         0         0         0         0         0
    11/299     3.39G   0.04761   0.06555         0    0.1132        97       416         0         0         0         0         0         0         0
    12/299     3.39G   0.04652   0.06525         0    0.1118       110       416         0         0         0         0         0         0         0
    13/299     3.39G   0.04644   0.06411         0    0.1105        88       416         0         0         0         0         0         0         0
    14/299     3.39G   0.04589   0.06349         0    0.1094        77       416         0         0         0         0         0         0         0
    15/299     3.39G   0.04543   0.06303         0    0.1085        79       416         0         0         0         0         0         0         0
    16/299     3.39G   0.04476   0.06249         0    0.1072        68       416         0         0         0         0         0         0         0
    17/299     3.39G   0.04487   0.06251         0    0.1074        77       416         0         0         0         0         0         0         0
    18/299     3.39G   0.04475   0.06289         0    0.1076        76       416         0         0         0         0         0         0         0
    19/299     3.39G   0.04432   0.06165         0     0.106        77       416         0         0         0         0         0         0         0
    20/299     3.39G   0.04396   0.06192         0    0.1059        73       416         0         0         0         0         0         0         0
    21/299     3.39G   0.04368   0.06095         0    0.1046        93       416         0         0         0         0         0         0         0
    22/299     3.39G   0.04351   0.06038         0    0.1039        62       416         0         0         0         0         0         0         0
    23/299     3.39G   0.04292   0.06126         0    0.1042        86       416         0         0         0         0         0         0         0
    24/299     3.39G   0.04283   0.06066         0    0.1035        86       416         0         0         0         0         0         0         0
    25/299     3.39G   0.04282   0.05968         0    0.1025        77       416         0         0         0         0         0         0         0
    26/299     3.39G   0.04255   0.06007         0    0.1026        94       416         0         0         0         0         0         0         0
    27/299     3.39G   0.04232   0.05975         0    0.1021        64       416         0         0         0         0         0         0         0
    28/299     3.39G   0.04191   0.05942         0    0.1013        80       416         0         0         0         0         0         0         0
    29/299     3.39G   0.04175   0.05922         0     0.101        79       416         0         0         0         0         0         0         0
    30/299     3.39G   0.04167   0.05786         0   0.09953        77       416         0         0         0         0         0         0         0
    31/299     3.39G   0.04146   0.05885         0    0.1003        83       416         0         0         0         0         0         0         0
    32/299     3.39G   0.04176   0.05895         0    0.1007        62       416         0         0         0         0         0         0         0
    33/299     3.39G   0.04155   0.05791         0   0.09946        95       416         0         0         0         0         0         0         0
    34/299     3.39G    0.0416   0.05846         0    0.1001        69       416         0         0         0         0         0         0         0
    35/299     3.39G   0.04118   0.05777         0   0.09895        72       416         0         0         0         0         0         0         0
    36/299     3.39G   0.04069    0.0566         0   0.09729        90       416         0         0         0         0         0         0         0
    37/299     3.39G   0.04033   0.05806         0   0.09839        60       416         0         0         0         0         0         0         0
    38/299     3.39G   0.04053   0.05664         0   0.09718        96       416         0         0         0         0         0         0         0
    39/299     3.39G   0.03992   0.05598         0    0.0959        83       416         0         0         0         0         0         0         0
    40/299     3.39G   0.04004   0.05655         0   0.09659        80       416         0         0         0         0         0         0         0
    41/299     3.39G   0.03999   0.05686         0   0.09685        55       416         0         0         0         0         0         0         0
    42/299     3.39G   0.04001   0.05651         0   0.09652        83       416         0         0         0         0         0         0         0
    43/299     3.39G   0.03957   0.05658         0   0.09615        65       416         0         0         0         0         0         0         0
    44/299     3.39G   0.03947   0.05616         0   0.09564        81       416         0         0         0         0         0         0         0
    45/299     3.39G   0.03978   0.05515         0   0.09493        79       416         0         0         0         0         0         0         0
    46/299     3.39G   0.03987   0.05561         0   0.09548        85       416         0         0         0         0         0         0         0
    47/299     3.39G   0.03921   0.05539         0    0.0946        88       416         0         0         0         0         0         0         0
    48/299     3.39G   0.03923    0.0558         0   0.09503        89       416         0         0         0         0         0         0         0
    49/299     3.39G   0.03914   0.05631         0   0.09544        93       416         0         0         0         0         0         0         0
    50/299     3.39G   0.03861   0.05395         0   0.09256        85       416         0         0         0         0         0         0         0
    51/299     3.39G   0.03888   0.05471         0   0.09359        65       416         0         0         0         0         0         0         0
    52/299     3.39G   0.03879    0.0555         0   0.09429        63       416         0         0         0         0         0         0         0
    53/299     3.39G   0.03841    0.0549         0   0.09331        75       416         0         0         0         0         0         0         0
    54/299     3.39G   0.03828   0.05458         0   0.09286        73       416         0         0         0         0         0         0         0
    55/299     3.39G   0.03858   0.05462         0    0.0932        62       416         0         0         0         0         0         0         0
    56/299     3.39G   0.03848   0.05401         0   0.09249        80       416         0         0         0         0         0         0         0
    57/299     3.39G   0.03817   0.05388         0   0.09204        93       416         0         0         0         0         0         0         0
    58/299     3.39G   0.03761   0.05391         0   0.09153        85       416         0         0         0         0         0         0         0
    59/299     3.39G   0.03766   0.05371         0   0.09137        90       416         0         0         0         0         0         0         0
    60/299     3.39G   0.03773   0.05261         0   0.09034       107       416         0         0         0         0         0         0         0
    61/299     3.39G   0.03762   0.05377         0   0.09139        80       416         0         0         0         0         0         0         0
    62/299     3.39G   0.03751    0.0538         0    0.0913        82       416         0         0         0         0         0         0         0
    63/299     3.39G    0.0373   0.05338         0   0.09068        87       416         0         0         0         0         0         0         0
    64/299     3.39G   0.03782   0.05348         0    0.0913        72       416         0         0         0         0         0         0         0
    65/299     3.39G   0.03738    0.0533         0   0.09069        60       416         0         0         0         0         0         0         0
    66/299     3.39G   0.03705    0.0523         0   0.08934        84       416         0         0         0         0         0         0         0
    67/299     3.39G   0.03719   0.05295         0   0.09014        86       416         0         0         0         0         0         0         0
    68/299     3.39G   0.03694   0.05255         0   0.08948        69       416         0         0         0         0         0         0         0
    69/299     3.39G   0.03713   0.05252         0   0.08965        66       416         0         0         0         0         0         0         0
    70/299     3.39G   0.03702   0.05185         0   0.08887        81       416         0         0         0         0         0         0         0
    71/299     3.39G   0.03733   0.05347         0    0.0908        72       416         0         0         0         0         0         0         0
    72/299     3.39G   0.03656   0.05224         0    0.0888        80       416         0         0         0         0         0         0         0
    73/299     3.39G    0.0368   0.05237         0   0.08917        63       416         0         0         0         0         0         0         0
    74/299     3.39G   0.03692   0.05258         0    0.0895        66       416         0         0         0         0         0         0         0
    75/299     3.39G   0.03687   0.05127         0   0.08814        79       416         0         0         0         0         0         0         0
    76/299     3.39G   0.03661   0.05205         0   0.08867        77       416         0         0         0         0         0         0         0
    77/299     3.39G   0.03658   0.05242         0     0.089       114       416         0         0         0         0         0         0         0
    78/299     3.39G   0.03646   0.05066         0   0.08712        82       416         0         0         0         0         0         0         0
    79/299     3.39G   0.03677   0.05222         0   0.08899        70       416         0         0         0         0         0         0         0
    80/299     3.39G    0.0367    0.0513         0     0.088        83       416         0         0         0         0         0         0         0
    81/299     3.39G   0.03683   0.05112         0   0.08795        89       416         0         0         0         0         0         0         0
    82/299     3.39G   0.03639   0.05135         0   0.08774        83       416         0         0         0         0         0         0         0
    83/299     3.39G    0.0363   0.05144         0   0.08774        90       416         0         0         0         0         0         0         0
    84/299     3.39G   0.03592   0.05111         0   0.08704        85       416         0         0         0         0         0         0         0
    85/299     3.39G   0.03594    0.0515         0   0.08744        78       416         0         0         0         0         0         0         0
    86/299     3.39G    0.0356   0.04981         0   0.08542        58       416         0         0         0         0         0         0         0
    87/299     3.39G   0.03571   0.05043         0   0.08613        92       416         0         0         0         0         0         0         0
    88/299     3.39G   0.03578   0.05084         0   0.08663        81       416         0         0         0         0         0         0         0
    89/299     3.39G   0.03561   0.05097         0   0.08658       104       416         0         0         0         0         0         0         0
    90/299     3.39G   0.03553   0.05077         0   0.08631        92       416         0         0         0         0         0         0         0
    91/299     3.39G   0.03518   0.05014         0   0.08532        79       416         0         0         0         0         0         0         0
    92/299     3.39G   0.03561   0.04957         0   0.08518        80       416         0         0         0         0         0         0         0
    93/299     3.39G   0.03549   0.05012         0   0.08561        75       416         0         0         0         0         0         0         0
    94/299     3.39G   0.03516   0.05001         0   0.08517        71       416         0         0         0         0         0         0         0
    95/299     3.39G   0.03531   0.05006         0   0.08536        93       416         0         0         0         0         0         0         0
    96/299     3.39G   0.03549   0.04992         0   0.08541       135       416         0         0         0         0         0         0         0
    97/299     3.39G   0.03509   0.04969         0   0.08479        86       416         0         0         0         0         0         0         0
    98/299     3.39G   0.03533   0.04982         0   0.08516        99       416         0         0         0         0         0         0         0
    99/299     3.39G   0.03502   0.04971         0   0.08473        80       416         0         0         0         0         0         0         0
   100/299     3.39G   0.03475   0.04966         0   0.08442        80       416         0         0         0         0         0         0         0
   101/299     3.39G   0.03486    0.0493         0   0.08416        78       416         0         0         0         0         0         0         0
   102/299     3.39G   0.03492    0.0489         0   0.08382        93       416         0         0         0         0         0         0         0
   103/299     3.39G   0.03479   0.04931         0   0.08409        63       416         0         0         0         0         0         0         0
   104/299     3.39G   0.03456   0.04961         0   0.08418        73       416         0         0         0         0         0         0         0
   105/299     3.39G   0.03448   0.04966         0   0.08414        81       416         0         0         0         0         0         0         0
   106/299     3.39G   0.03404   0.04791         0   0.08195        74       416         0         0         0         0         0         0         0
   107/299     3.39G   0.03438   0.04911         0   0.08348        86       416         0         0         0         0         0         0         0
   108/299     3.39G   0.03421   0.04791         0   0.08213        80       416         0         0         0         0         0         0         0
   109/299     3.39G   0.03422   0.04788         0   0.08209        94       416         0         0         0         0         0         0         0
   110/299     3.39G   0.03429   0.04812         0   0.08241        85       416         0         0         0         0         0         0         0
   111/299     3.39G   0.03403   0.04756         0   0.08159        85       416         0         0         0         0         0         0         0
   112/299     3.39G   0.03385   0.04836         0   0.08221        89       416         0         0         0         0         0         0         0
   113/299     3.39G   0.03388   0.04864         0   0.08252        76       416         0         0         0         0         0         0         0
   114/299     3.39G    0.0343   0.04746         0   0.08177        75       416         0         0         0         0         0         0         0
   115/299     3.39G   0.03387   0.04822         0   0.08209        83       416         0         0         0         0         0         0         0
   116/299     3.39G   0.03386   0.04773         0   0.08159        78       416         0         0         0         0         0         0         0
   117/299     3.39G   0.03368   0.04783         0   0.08151        96       416         0         0         0         0         0         0         0
   118/299     3.39G   0.03338    0.0478         0   0.08118        83       416         0         0         0         0         0         0         0
   119/299     3.39G   0.03361   0.04769         0    0.0813        74       416         0         0         0         0         0         0         0
   120/299     3.39G   0.03343   0.04817         0   0.08161        61       416         0         0         0         0         0         0         0
   121/299     3.39G   0.03338   0.04756         0   0.08094        49       416         0         0         0         0         0         0         0
   122/299     3.39G   0.03317   0.04796         0   0.08113        95       416         0         0         0         0         0         0         0
   123/299     3.39G    0.0331   0.04778         0   0.08088        81       416         0         0         0         0         0         0         0
   124/299     3.39G   0.03322   0.04841         0   0.08163        94       416         0         0         0         0         0         0         0
   125/299     3.39G   0.03339   0.04703         0   0.08041        77       416         0         0         0         0         0         0         0
   126/299     3.39G   0.03297   0.04657         0   0.07955        79       416         0         0         0         0         0         0         0
   127/299     3.39G   0.03322   0.04746         0   0.08068        59       416         0         0         0         0         0         0         0
   128/299     3.39G   0.03304   0.04665         0   0.07969        80       416         0         0         0         0         0         0         0
   129/299     3.39G   0.03306   0.04652         0   0.07958        76       416         0         0         0         0         0         0         0
   130/299     3.39G   0.03248   0.04685         0   0.07933        71       416         0         0         0         0         0         0         0
   131/299     3.39G   0.03259   0.04626         0   0.07885        85       416         0         0         0         0         0         0         0
   132/299     3.39G   0.03281   0.04726         0   0.08007        82       416         0         0         0         0         0         0         0
   133/299     3.39G   0.03266   0.04681         0   0.07947        57       416         0         0         0         0         0         0         0
   134/299     3.39G    0.0327    0.0459         0    0.0786       106       416         0         0         0         0         0         0         0
   135/299     3.39G   0.03244   0.04644         0   0.07889       103       416         0         0         0         0         0         0         0
   136/299     3.39G    0.0324   0.04531         0   0.07771        69       416         0         0         0         0         0         0         0
   137/299     3.39G   0.03257   0.04541         0   0.07799        71       416         0         0         0         0         0         0         0
   138/299     3.39G   0.03251   0.04524         0   0.07774        97       416         0         0         0         0         0         0         0
   139/299     3.39G   0.03239   0.04645         0   0.07884        88       416         0         0         0         0         0         0         0
   140/299     3.39G   0.03222   0.04599         0   0.07822        69       416         0         0         0         0         0         0         0
   141/299     3.39G   0.03221   0.04601         0   0.07822        91       416         0         0         0         0         0         0         0
   142/299     3.39G   0.03205   0.04522         0   0.07726        67       416         0         0         0         0         0         0         0
   143/299     3.39G    0.0321   0.04598         0   0.07808        85       416         0         0         0         0         0         0         0
   144/299     3.39G   0.03179   0.04574         0   0.07752        66       416         0         0         0         0         0         0         0
   145/299     3.39G    0.0321   0.04584         0   0.07794        77       416         0         0         0         0         0         0         0
   146/299     3.39G   0.03164   0.04497         0   0.07661        94       416         0         0         0         0         0         0         0
   147/299     3.39G   0.03173   0.04515         0   0.07689        89       416         0         0         0         0         0         0         0
   148/299     3.39G   0.03149   0.04468         0   0.07617        92       416         0         0         0         0         0         0         0
   149/299     3.39G    0.0318    0.0449         0    0.0767        85       416         0         0         0         0         0         0         0
   150/299     3.39G    0.0316   0.04497         0   0.07657        83       416         0         0         0         0         0         0         0
   151/299     3.39G   0.03186   0.04499         0   0.07685        88       416         0         0         0         0         0         0         0
   152/299     3.39G    0.0314   0.04424         0   0.07564        94       416         0         0         0         0         0         0         0
   153/299     3.39G   0.03175    0.0441         0   0.07585        65       416         0         0         0         0         0         0         0
   154/299     3.39G   0.03122   0.04433         0   0.07555        77       416         0         0         0         0         0         0         0
   155/299     3.39G   0.03111   0.04418         0   0.07529        76       416         0         0         0         0         0         0         0
   156/299     3.39G   0.03156   0.04389         0   0.07546       108       416         0         0         0         0         0         0         0
   157/299     3.39G   0.03104   0.04487         0   0.07591        97       416         0         0         0         0         0         0         0
   158/299     3.39G   0.03114   0.04439         0   0.07553        81       416         0         0         0         0         0         0         0
   159/299     3.39G    0.0311   0.04363         0   0.07473        63       416         0         0         0         0         0         0         0
   160/299     3.39G   0.03083   0.04406         0   0.07488        77       416         0         0         0         0         0         0         0
   161/299     3.39G   0.03076   0.04334         0   0.07409        80       416         0         0         0         0         0         0         0
   162/299     3.39G   0.03104   0.04334         0   0.07438        98       416         0         0         0         0         0         0         0
   163/299     3.39G   0.03084   0.04343         0   0.07427        79       416         0         0         0         0         0         0         0
   164/299     3.39G   0.03074   0.04401         0   0.07475        68       416         0         0         0         0         0         0         0
   165/299     3.39G   0.03088   0.04325         0   0.07413        72       416         0         0         0         0         0         0         0
   166/299     3.39G   0.03044   0.04317         0   0.07361       103       416         0         0         0         0         0         0         0
   167/299     3.39G   0.03044   0.04298         0   0.07342        90       416         0         0         0         0         0         0         0
   168/299     3.39G   0.03055   0.04316         0   0.07371        67       416         0         0         0         0         0         0         0
   169/299     3.39G   0.03087   0.04326         0   0.07413        98       416         0         0         0         0         0         0         0
   170/299     3.39G   0.03032   0.04325         0   0.07356        90       416         0         0         0         0         0         0         0
   171/299     3.39G   0.03033   0.04296         0   0.07329        86       416         0         0         0         0         0         0         0
   172/299     3.39G    0.0301   0.04314         0   0.07324        80       416         0         0         0         0         0         0         0
   173/299     3.39G   0.03015   0.04309         0   0.07324        72       416         0         0         0         0         0         0         0
   174/299     3.39G    0.0302   0.04249         0   0.07269        82       416         0         0         0         0         0         0         0
   175/299     3.39G   0.03026   0.04281         0   0.07307       104       416         0         0         0         0         0         0         0
   176/299     3.39G    0.0302   0.04227         0   0.07247        64       416         0         0         0         0         0         0         0
   177/299     3.39G   0.03009   0.04319         0   0.07328       110       416         0         0         0         0         0         0         0
   178/299     3.39G   0.02988   0.04236         0   0.07224        78       416         0         0         0         0         0         0         0
   179/299     3.39G   0.02987   0.04215         0   0.07201        86       416         0         0         0         0         0         0         0
   180/299     3.39G   0.03004   0.04294         0   0.07298        79       416         0         0         0         0         0         0         0
   181/299     3.39G   0.02979     0.042         0    0.0718        75       416         0         0         0         0         0         0         0
   182/299     3.39G   0.02967   0.04252         0   0.07219        63       416         0         0         0         0         0         0         0
   183/299     3.39G   0.02928   0.04196         0   0.07123        86       416         0         0         0         0         0         0         0
   184/299     3.39G   0.02961   0.04139         0     0.071        73       416         0         0         0         0         0         0         0
   185/299     3.39G   0.02952   0.04088         0    0.0704        80       416         0         0         0         0         0         0         0
   186/299     3.39G   0.02932   0.04194         0   0.07126        83       416         0         0         0         0         0         0         0
   187/299     3.39G   0.02956   0.04174         0    0.0713        90       416         0         0         0         0         0         0         0
   188/299     3.39G   0.02932   0.04147         0   0.07079        88       416         0         0         0         0         0         0         0
   189/299     3.39G   0.02926   0.04222         0   0.07148        94       416         0         0         0         0         0         0         0
   190/299     3.39G   0.02943     0.041         0   0.07043        75       416         0         0         0         0         0         0         0
   191/299     3.39G   0.02887   0.04116         0   0.07003       101       416         0         0         0         0         0         0         0
   192/299     3.39G   0.02893   0.04123         0   0.07016       107       416         0         0         0         0         0         0         0
   193/299     3.39G    0.0291   0.04145         0   0.07055        68       416         0         0         0         0         0         0         0
   194/299     3.39G   0.02899   0.04046         0   0.06945        90       416         0         0         0         0         0         0         0
   195/299     3.39G   0.02895   0.04048         0   0.06943       115       416         0         0         0         0         0         0         0
   196/299     3.39G    0.0286   0.04105         0   0.06965        76       416         0         0         0         0         0         0         0
   197/299     3.39G   0.02902    0.0415         0   0.07051        83       416         0         0         0         0         0         0         0
   198/299     3.39G   0.02844   0.04093         0   0.06937        70       416         0         0         0         0         0         0         0
   199/299     3.39G   0.02853   0.03994         0   0.06847        77       416         0         0         0         0         0         0         0
   200/299     3.39G   0.02867   0.04044         0   0.06911        87       416         0         0         0         0         0         0         0
   201/299     3.39G   0.02883   0.04009         0   0.06893        75       416         0         0         0         0         0         0         0
   202/299     3.39G   0.02854   0.04048         0   0.06902        99       416         0         0         0         0         0         0         0
   203/299     3.39G   0.02848   0.04044         0   0.06892       110       416         0         0         0         0         0         0         0
   204/299     3.39G   0.02813    0.0401         0   0.06823        99       416         0         0         0         0         0         0         0
   205/299     3.39G   0.02856   0.03974         0    0.0683        58       416         0         0         0         0         0         0         0
   206/299     3.39G   0.02824    0.0398         0   0.06803        48       416         0         0         0         0         0         0         0
   207/299     3.39G   0.02823   0.03972         0   0.06795        86       416         0         0         0         0         0         0         0
   208/299     3.39G   0.02806   0.04052         0   0.06857        96       416         0         0         0         0         0         0         0
   209/299     3.39G   0.02823   0.03957         0    0.0678        83       416         0         0         0         0         0         0         0
   210/299     3.39G   0.02772   0.03887         0    0.0666       106       416         0         0         0         0         0         0         0
   211/299     3.39G   0.02779   0.03926         0   0.06706        89       416         0         0         0         0         0         0         0
   212/299     3.39G   0.02791   0.04004         0   0.06795        71       416         0         0         0         0         0         0         0
   213/299     3.39G    0.0278   0.03912         0   0.06692        96       416         0         0         0         0         0         0         0
   214/299     3.39G   0.02796    0.0392         0   0.06716        79       416         0         0         0         0         0         0         0
   215/299     3.39G   0.02786   0.03956         0   0.06743        86       416         0         0         0         0         0         0         0
   216/299     3.39G   0.02801   0.03928         0   0.06729        72       416         0         0         0         0         0         0         0
   217/299     3.39G   0.02752   0.03951         0   0.06702        79       416         0         0         0         0         0         0         0
   218/299     3.39G   0.02743   0.03912         0   0.06655        79       416         0         0         0         0         0         0         0
   219/299     3.39G   0.02768   0.03868         0   0.06636       106       416         0         0         0         0         0         0         0
   220/299     3.39G   0.02744    0.0393         0   0.06674       116       416         0         0         0         0         0         0         0
   221/299     3.39G   0.02744   0.03808         0   0.06552        92       416         0         0         0         0         0         0         0
   222/299     3.39G   0.02713    0.0386         0   0.06573        74       416         0         0         0         0         0         0         0
   223/299     3.39G   0.02741   0.03838         0    0.0658        76       416         0         0         0         0         0         0         0
   224/299     3.39G   0.02684   0.03882         0   0.06566        85       416         0         0         0         0         0         0         0
   225/299     3.39G   0.02755   0.03885         0    0.0664        65       416         0         0         0         0         0         0         0
   226/299     3.39G   0.02739   0.03854         0   0.06592        73       416         0         0         0         0         0         0         0
   227/299     3.39G   0.02705    0.0378         0   0.06485        59       416         0         0         0         0         0         0         0
   228/299     3.39G   0.02718   0.03798         0   0.06516        81       416         0         0         0         0         0         0         0
   229/299     3.39G    0.0266   0.03758         0   0.06418        87       416         0         0         0         0         0         0         0
   230/299     3.39G    0.0273   0.03769         0   0.06499       102       416         0         0         0         0         0         0         0
   231/299     3.39G   0.02723   0.03787         0    0.0651        87       416         0         0         0         0         0         0         0
   232/299     3.39G   0.02661   0.03747         0   0.06408        92       416         0         0         0         0         0         0         0
   233/299     3.39G   0.02653   0.03748         0   0.06401        66       416         0         0         0         0         0         0         0
   234/299     3.39G   0.02648   0.03753         0   0.06401        96       416         0         0         0         0         0         0         0
   235/299     3.39G   0.02651   0.03775         0   0.06426        82       416         0         0         0         0         0         0         0
   236/299     3.39G   0.02664   0.03707         0   0.06372        75       416         0         0         0         0         0         0         0
   237/299     3.39G   0.02672   0.03691         0   0.06363        78       416         0         0         0         0         0         0         0
   238/299     3.39G   0.02652   0.03736         0   0.06388        80       416         0         0         0         0         0         0         0
   239/299     3.39G    0.0265   0.03655         0   0.06305        98       416         0         0         0         0         0         0         0
   240/299     3.39G    0.0264   0.03678         0   0.06318        66       416         0         0         0         0         0         0         0
   241/299     3.39G   0.02623   0.03702         0   0.06325        84       416         0         0         0         0         0         0         0
   242/299     3.39G   0.02622   0.03609         0    0.0623        74       416         0         0         0         0         0         0         0
   243/299     3.39G   0.02614   0.03709         0   0.06323        82       416         0         0         0         0         0         0         0
   244/299     3.39G   0.02622   0.03727         0   0.06349       102       416         0         0         0         0         0         0         0
   245/299     3.39G   0.02642   0.03707         0   0.06348        81       416         0         0         0         0         0         0         0
   246/299     3.39G   0.02613   0.03606         0   0.06219        95       416         0         0         0         0         0         0         0
   247/299     3.39G   0.02602   0.03685         0   0.06287        82       416         0         0         0         0         0         0         0
   248/299     3.39G   0.02598   0.03601         0   0.06198       109       416         0         0         0         0         0         0         0
   249/299     3.39G   0.02583   0.03656         0    0.0624       105       416         0         0         0         0         0         0         0
   250/299     3.39G   0.02598   0.03655         0   0.06253        66       416         0         0         0         0         0         0         0
   251/299     3.39G   0.02574   0.03625         0   0.06199        77       416         0         0         0         0         0         0         0
   252/299     3.39G   0.02609   0.03615         0   0.06224        90       416         0         0         0         0         0         0         0
   253/299     3.39G   0.02562   0.03591         0   0.06152        74       416         0         0         0         0         0         0         0
   254/299     3.39G    0.0257   0.03702         0   0.06272        76       416         0         0         0         0         0         0         0
   255/299     3.39G   0.02565   0.03635         0     0.062        67       416         0         0         0         0         0         0         0
   256/299     3.39G   0.02568   0.03632         0     0.062       119       416         0         0         0         0         0         0         0
   257/299     3.39G    0.0256   0.03618         0   0.06178       113       416         0         0         0         0         0         0         0
   258/299     3.39G    0.0254   0.03537         0   0.06077        80       416         0         0         0         0         0         0         0
   259/299     3.39G   0.02562   0.03547         0   0.06109        87       416         0         0         0         0         0         0         0
   260/299     3.39G   0.02568   0.03585         0   0.06153        76       416         0         0         0         0         0         0         0
   261/299     3.39G   0.02526   0.03529         0   0.06056        64       416         0         0         0         0         0         0         0
   262/299     3.39G   0.02531   0.03564         0   0.06095       119       416         0         0         0         0         0         0         0
   263/299     3.39G   0.02521   0.03522         0   0.06044       100       416         0         0         0         0         0         0         0
   264/299     3.39G   0.02536   0.03545         0    0.0608        73       416         0         0         0         0         0         0         0
   265/299     3.39G   0.02525   0.03514         0   0.06039        70       416         0         0         0         0         0         0         0
   266/299     3.39G   0.02528   0.03555         0   0.06083        87       416         0         0         0         0         0         0         0
   267/299     3.39G   0.02537   0.03498         0   0.06035        67       416         0         0         0         0         0         0         0
   268/299     3.39G   0.02525   0.03479         0   0.06004        91       416         0         0         0         0         0         0         0
   269/299     3.39G   0.02506   0.03501         0   0.06006        93       416         0         0         0         0         0         0         0
   270/299     3.39G   0.02527   0.03483         0    0.0601       109       416         0         0         0         0         0         0         0
   271/299     3.39G   0.02511   0.03528         0   0.06039        62       416         0         0         0         0         0         0         0
   272/299     3.39G   0.02526    0.0349         0   0.06016        90       416         0         0         0         0         0         0         0
   273/299     3.39G   0.02497   0.03486         0   0.05982        92       416         0         0         0         0         0         0         0
   274/299     3.39G   0.02518   0.03493         0   0.06011        96       416         0         0         0         0         0         0         0
   275/299     3.39G   0.02494   0.03502         0   0.05996        74       416         0         0         0         0         0         0         0
   276/299     3.39G   0.02498   0.03505         0   0.06003        88       416         0         0         0         0         0         0         0
   277/299     3.39G    0.0249   0.03471         0   0.05962        85       416         0         0         0         0         0         0         0
   278/299     3.39G   0.02496   0.03565         0   0.06061        82       416         0         0         0         0         0         0         0
   279/299     3.39G   0.02503   0.03569         0   0.06072        59       416         0         0         0         0         0         0         0
   280/299     3.39G   0.02467   0.03438         0   0.05905        76       416         0         0         0         0         0         0         0
   281/299     3.39G   0.02474   0.03433         0   0.05907        53       416         0         0         0         0         0         0         0
   282/299     3.39G   0.02466   0.03379         0   0.05845        78       416         0         0         0         0         0         0         0
   283/299     3.39G   0.02461   0.03459         0    0.0592        96       416         0         0         0         0         0         0         0
   284/299     3.39G   0.02473   0.03471         0   0.05944        86       416         0         0         0         0         0         0         0
   285/299     3.39G   0.02474   0.03441         0   0.05914       116       416         0         0         0         0         0         0         0
   286/299     3.39G    0.0244   0.03487         0   0.05927       101       416         0         0         0         0         0         0         0
   287/299     3.39G   0.02483   0.03394         0   0.05877        66       416         0         0         0         0         0         0         0
   288/299     3.39G    0.0247   0.03456         0   0.05926        82       416         0         0         0         0         0         0         0
   289/299     3.39G   0.02443    0.0345         0   0.05894        82       416         0         0         0         0         0         0         0
   290/299     3.39G   0.02436   0.03425         0   0.05861        70       416         0         0         0         0         0         0         0
   291/299     3.39G   0.02457   0.03458         0   0.05915        76       416         0         0         0         0         0         0         0
   292/299     3.39G   0.02464   0.03466         0   0.05929        68       416         0         0         0         0         0         0         0
   293/299     3.39G   0.02448   0.03411         0   0.05859        83       416         0         0         0         0         0         0         0
   294/299     3.39G   0.02439   0.03467         0   0.05906        99       416         0         0         0         0         0         0         0
   295/299     3.39G   0.02425   0.03404         0    0.0583        90       416         0         0         0         0         0         0         0
   296/299     3.39G   0.02468   0.03427         0   0.05895        73       416         0         0         0         0         0         0         0
   297/299     3.39G   0.02415   0.03452         0   0.05867        75       416         0         0         0         0         0         0         0
   298/299     3.39G   0.02455   0.03446         0   0.05901        96       416         0         0         0         0         0         0         0
   299/299     3.39G   0.02455   0.03445         0     0.059       100       416    0.7727    0.8808    0.8966    0.6427   0.03221   0.04115         0
