     0/299     2.44G    0.1078    0.0683         0    0.1761         2       416         0         0         0         0         0         0         0
     1/299      2.9G   0.07228    0.0674         0    0.1397         2       416         0         0         0         0         0         0         0
     2/299      2.9G   0.06054   0.06271         0    0.1233         0       416         0         0         0         0         0         0         0
     3/299      2.9G   0.05888   0.06261         0    0.1215         2       416         0         0         0         0         0         0         0
     4/299      2.9G   0.05641   0.06223         0    0.1186         4       416         0         0         0         0         0         0         0
     5/299      2.9G   0.05268   0.06101         0    0.1137         1       416         0         0         0         0         0         0         0
     6/299      2.9G   0.05107   0.05977         0    0.1108         1       416         0         0         0         0         0         0         0
     7/299      2.9G   0.05211   0.06329         0    0.1154         4       416         0         0         0         0         0         0         0
     8/299      2.9G   0.05035   0.06169         0     0.112         1       416         0         0         0         0         0         0         0
     9/299      2.9G   0.05047   0.06369         0    0.1142         9       416         0         0         0         0         0         0         0
    10/299      2.9G   0.05072   0.06367         0    0.1144         3       416         0         0         0         0         0         0         0
    11/299      2.9G   0.05252   0.06339         0    0.1159         2       416         0         0         0         0         0         0         0
    12/299      2.9G   0.05005   0.06371         0    0.1138         3       416         0         0         0         0         0         0         0
    13/299      2.9G   0.05006   0.06373         0    0.1138         3       416         0         0         0         0         0         0         0
    14/299      2.9G   0.04799   0.06361         0    0.1116         9       416         0         0         0         0         0         0         0
    15/299      2.9G   0.04828   0.06217         0    0.1104         3       416         0         0         0         0         0         0         0
    16/299      2.9G   0.04708   0.06086         0    0.1079         8       416         0         0         0         0         0         0         0
    17/299      2.9G   0.04642   0.05885         0    0.1053         4       416         0         0         0         0         0         0         0
    18/299      2.9G   0.04586     0.061         0    0.1069         1       416         0         0         0         0         0         0         0
    19/299      2.9G   0.04614   0.05922         0    0.1054         3       416         0         0         0         0         0         0         0
    20/299      2.9G   0.04514    0.0601         0    0.1052         5       416         0         0         0         0         0         0         0
    21/299      2.9G   0.04472   0.05813         0    0.1028         2       416         0         0         0         0         0         0         0
    22/299      2.9G   0.04418   0.05872         0    0.1029         2       416         0         0         0         0         0         0         0
    23/299      2.9G    0.0449   0.05872         0    0.1036         3       416         0         0         0         0         0         0         0
    24/299      2.9G   0.04425   0.05837         0    0.1026         1       416         0         0         0         0         0         0         0
    25/299      2.9G    0.0428   0.05717         0   0.09997         1       416         0         0         0         0         0         0         0
    26/299      2.9G   0.04294   0.05994         0    0.1029         5       416         0         0         0         0         0         0         0
    27/299      2.9G   0.04255   0.05795         0    0.1005         4       416         0         0         0         0         0         0         0
    28/299      2.9G   0.04228   0.05675         0   0.09903         2       416         0         0         0         0         0         0         0
    29/299      2.9G   0.04213   0.05584         0   0.09797         4       416         0         0         0         0         0         0         0
    30/299      2.9G   0.04187   0.05602         0   0.09789        13       416         0         0         0         0         0         0         0
    31/299      2.9G   0.04114   0.05628         0   0.09742         2       416         0         0         0         0         0         0         0
    32/299      2.9G   0.04081   0.05553         0   0.09634         2       416         0         0         0         0         0         0         0
    33/299      2.9G   0.04079   0.05432         0   0.09511         2       416         0         0         0         0         0         0         0
    34/299      2.9G   0.04103   0.05568         0   0.09671         3       416         0         0         0         0         0         0         0
    35/299      2.9G   0.04002   0.05565         0   0.09567         1       416         0         0         0         0         0         0         0
    36/299      2.9G   0.04074   0.05378         0   0.09451         6       416         0         0         0         0         0         0         0
    37/299      2.9G   0.04065   0.05419         0   0.09484         6       416         0         0         0         0         0         0         0
    38/299      2.9G   0.04003   0.05515         0   0.09517         2       416         0         0         0         0         0         0         0
    39/299      2.9G   0.03967   0.05472         0   0.09439         4       416         0         0         0         0         0         0         0
    40/299      2.9G   0.03931   0.05287         0   0.09218         2       416         0         0         0         0         0         0         0
    41/299      2.9G   0.03969   0.05555         0   0.09524         3       416         0         0         0         0         0         0         0
    42/299      2.9G   0.03948    0.0535         0   0.09298         5       416         0         0         0         0         0         0         0
    43/299      2.9G   0.03875   0.05268         0   0.09142         1       416         0         0         0         0         0         0         0
    44/299      2.9G   0.03934   0.05157         0   0.09091         6       416         0         0         0         0         0         0         0
    45/299      2.9G   0.03845   0.05268         0   0.09114         1       416         0         0         0         0         0         0         0
    46/299      2.9G   0.03856   0.05206         0   0.09062         1       416         0         0         0         0         0         0         0
    47/299      2.9G   0.03852   0.05055         0   0.08907         1       416         0         0         0         0         0         0         0
    48/299      2.9G   0.03833   0.05163         0   0.08996         9       416         0         0         0         0         0         0         0
    49/299      2.9G   0.03839    0.0511         0   0.08948         5       416         0         0         0         0         0         0         0
    50/299      2.9G    0.0381   0.05115         0   0.08925         3       416         0         0         0         0         0         0         0
    51/299      2.9G   0.03802   0.05047         0   0.08849         1       416         0         0         0         0         0         0         0
    52/299      2.9G    0.0378   0.05194         0   0.08975         2       416         0         0         0         0         0         0         0
    53/299      2.9G   0.03768   0.05223         0   0.08991         4       416         0         0         0         0         0         0         0
    54/299      2.9G   0.03738   0.05256         0   0.08994         1       416         0         0         0         0         0         0         0
    55/299      2.9G   0.03757   0.05135         0   0.08892         4       416         0         0         0         0         0         0         0
    56/299      2.9G   0.03666   0.05006         0   0.08673         1       416         0         0         0         0         0         0         0
    57/299      2.9G   0.03692   0.05124         0   0.08816         2       416         0         0         0         0         0         0         0
    58/299      2.9G   0.03663   0.05012         0   0.08675         2       416         0         0         0         0         0         0         0
    59/299      2.9G   0.03688   0.05103         0    0.0879         1       416         0         0         0         0         0         0         0
    60/299      2.9G   0.03656   0.04987         0   0.08643         4       416         0         0         0         0         0         0         0
    61/299      2.9G   0.03658   0.05003         0   0.08661         1       416         0         0         0         0         0         0         0
    62/299      2.9G   0.03621   0.04925         0   0.08546         5       416         0         0         0         0         0         0         0
    63/299      2.9G   0.03672   0.04874         0   0.08546         2       416         0         0         0         0         0         0         0
    64/299      2.9G   0.03644   0.04938         0   0.08582         3       416         0         0         0         0         0         0         0
    65/299      2.9G   0.03594   0.05063         0   0.08656         8       416         0         0         0         0         0         0         0
    66/299      2.9G   0.03625   0.05011         0   0.08636        11       416         0         0         0         0         0         0         0
    67/299      2.9G   0.03554   0.04755         0   0.08309         1       416         0         0         0         0         0         0         0
    68/299      2.9G   0.03637   0.05038         0   0.08675         2       416         0         0         0         0         0         0         0
    69/299      2.9G   0.03612   0.04844         0   0.08457         1       416         0         0         0         0         0         0         0
    70/299      2.9G   0.03541   0.04766         0   0.08307         2       416         0         0         0         0         0         0         0
    71/299      2.9G    0.0354   0.04972         0   0.08511         6       416         0         0         0         0         0         0         0
    72/299      2.9G   0.03544   0.04909         0   0.08453         3       416         0         0         0         0         0         0         0
    73/299      2.9G    0.0346   0.04678         0   0.08138         0       416         0         0         0         0         0         0         0
    74/299      2.9G    0.0354   0.04844         0   0.08383         1       416         0         0         0         0         0         0         0
    75/299      2.9G   0.03475    0.0486         0   0.08335         2       416         0         0         0         0         0         0         0
    76/299      2.9G   0.03477   0.04709         0   0.08185         1       416         0         0         0         0         0         0         0
    77/299      2.9G   0.03476   0.04772         0   0.08248         2       416         0         0         0         0         0         0         0
    78/299      2.9G   0.03512   0.04756         0   0.08268        12       416         0         0         0         0         0         0         0
    79/299      2.9G   0.03418   0.04733         0   0.08151         4       416         0         0         0         0         0         0         0
    80/299      2.9G   0.03432   0.04694         0   0.08126        13       416         0         0         0         0         0         0         0
    81/299      2.9G    0.0347   0.04958         0   0.08428         2       416         0         0         0         0         0         0         0
    82/299      2.9G   0.03439   0.04897         0   0.08336         2       416         0         0         0         0         0         0         0
    83/299      2.9G   0.03475   0.04767         0   0.08242         5       416         0         0         0         0         0         0         0
    84/299      2.9G   0.03427   0.04754         0   0.08181         4       416         0         0         0         0         0         0         0
    85/299      2.9G   0.03453   0.04622         0   0.08076         1       416         0         0         0         0         0         0         0
    86/299      2.9G    0.0341   0.04717         0   0.08127         6       416         0         0         0         0         0         0         0
    87/299      2.9G   0.03414   0.04727         0   0.08142         2       416         0         0         0         0         0         0         0
    88/299      2.9G   0.03379   0.04694         0   0.08073         4       416         0         0         0         0         0         0         0
    89/299      2.9G   0.03387   0.04539         0   0.07926         3       416         0         0         0         0         0         0         0
    90/299      2.9G   0.03407   0.04574         0   0.07981         5       416         0         0         0         0         0         0         0
    91/299      2.9G   0.03355   0.04591         0   0.07946         1       416         0         0         0         0         0         0         0
    92/299      2.9G   0.03357   0.04594         0   0.07952         3       416         0         0         0         0         0         0         0
    93/299      2.9G   0.03391     0.045         0   0.07891         1       416         0         0         0         0         0         0         0
    94/299      2.9G    0.0333   0.04538         0   0.07868         1       416         0         0         0         0         0         0         0
    95/299      2.9G   0.03339   0.04476         0   0.07815         3       416         0         0         0         0         0         0         0
    96/299      2.9G   0.03332    0.0464         0   0.07972         7       416         0         0         0         0         0         0         0
    97/299      2.9G   0.03301   0.04679         0    0.0798         3       416         0         0         0         0         0         0         0
    98/299      2.9G   0.03321   0.04355         0   0.07676         1       416         0         0         0         0         0         0         0
    99/299      2.9G   0.03318   0.04558         0   0.07876         7       416         0         0         0         0         0         0         0
   100/299      2.9G   0.03271   0.04299         0   0.07571         2       416         0         0         0         0         0         0         0
   101/299      2.9G   0.03299   0.04628         0   0.07927         2       416         0         0         0         0         0         0         0
   102/299      2.9G   0.03279   0.04448         0   0.07727         1       416         0         0         0         0         0         0         0
   103/299      2.9G   0.03252   0.04488         0    0.0774         5       416         0         0         0         0         0         0         0
   104/299      2.9G   0.03291   0.04382         0   0.07673         2       416         0         0         0         0         0         0         0
   105/299      2.9G   0.03264   0.04408         0   0.07672         1       416         0         0         0         0         0         0         0
   106/299      2.9G   0.03258   0.04477         0   0.07735         7       416         0         0         0         0         0         0         0
   107/299      2.9G   0.03219   0.04381         0     0.076         1       416         0         0         0         0         0         0         0
   108/299      2.9G   0.03186   0.04447         0   0.07633         3       416         0         0         0         0         0         0         0
   109/299      2.9G   0.03263   0.04409         0   0.07672         5       416         0         0         0         0         0         0         0
   110/299      2.9G   0.03201   0.04436         0   0.07638         2       416         0         0         0         0         0         0         0
   111/299      2.9G   0.03221   0.04515         0   0.07737        16       416         0         0         0         0         0         0         0
   112/299      2.9G   0.03188   0.04354         0   0.07542         5       416         0         0         0         0         0         0         0
   113/299      2.9G   0.03206   0.04433         0   0.07639         3       416         0         0         0         0         0         0         0
   114/299      2.9G   0.03179   0.04371         0   0.07551         2       416         0         0         0         0         0         0         0
   115/299      2.9G   0.03228   0.04447         0   0.07675         5       416         0         0         0         0         0         0         0
   116/299      2.9G    0.0318   0.04366         0   0.07546         2       416         0         0         0         0         0         0         0
   117/299      2.9G   0.03206   0.04234         0    0.0744         5       416         0         0         0         0         0         0         0
   118/299      2.9G   0.03208   0.04383         0   0.07591         3       416         0         0         0         0         0         0         0
   119/299      2.9G   0.03159   0.04324         0   0.07484         1       416         0         0         0         0         0         0         0
   120/299      2.9G   0.03151   0.04298         0   0.07449         0       416         0         0         0         0         0         0         0
   121/299      2.9G   0.03115   0.04279         0   0.07394         8       416         0         0         0         0         0         0         0
   122/299      2.9G   0.03099   0.04266         0   0.07365         1       416         0         0         0         0         0         0         0
   123/299      2.9G   0.03113   0.04241         0   0.07354         1       416         0         0         0         0         0         0         0
   124/299      2.9G   0.03159   0.04256         0   0.07415         5       416         0         0         0         0         0         0         0
   125/299      2.9G   0.03106   0.04365         0   0.07471         4       416         0         0         0         0         0         0         0
   126/299      2.9G   0.03123   0.04277         0     0.074        11       416         0         0         0         0         0         0         0
   127/299      2.9G   0.03083   0.04216         0   0.07299         1       416         0         0         0         0         0         0         0
   128/299      2.9G   0.03065   0.04249         0   0.07313         6       416         0         0         0         0         0         0         0
   129/299      2.9G   0.03144   0.04383         0   0.07527         8       416         0         0         0         0         0         0         0
   130/299      2.9G   0.03099   0.04217         0   0.07315         2       416         0         0         0         0         0         0         0
   131/299      2.9G   0.03087   0.04241         0   0.07328         4       416         0         0         0         0         0         0         0
   132/299      2.9G   0.03085   0.04122         0   0.07207         4       416         0         0         0         0         0         0         0
   133/299      2.9G    0.0302   0.04281         0   0.07301         2       416         0         0         0         0         0         0         0
   134/299      2.9G   0.03015   0.04154         0   0.07169         2       416         0         0         0         0         0         0         0
   135/299      2.9G   0.03031   0.04126         0   0.07157         1       416         0         0         0         0         0         0         0
   136/299      2.9G    0.0304   0.04309         0   0.07349         5       416         0         0         0         0         0         0         0
   137/299      2.9G   0.03044   0.04122         0   0.07166         6       416         0         0         0         0         0         0         0
   138/299      2.9G   0.02974   0.04105         0   0.07079         2       416         0         0         0         0         0         0         0
   139/299      2.9G   0.03058   0.04188         0   0.07245         7       416         0         0         0         0         0         0         0
   140/299      2.9G   0.02953   0.04073         0   0.07026         1       416         0         0         0         0         0         0         0
   141/299      2.9G   0.03032   0.04146         0   0.07178        12       416         0         0         0         0         0         0         0
   142/299      2.9G   0.02979   0.04074         0   0.07054         1       416         0         0         0         0         0         0         0
   143/299      2.9G   0.03015   0.04204         0   0.07219         3       416         0         0         0         0         0         0         0
   144/299      2.9G   0.03033   0.04065         0   0.07098         2       416         0         0         0         0         0         0         0
   145/299      2.9G   0.02945   0.04091         0   0.07036         3       416         0         0         0         0         0         0         0
   146/299      2.9G   0.02978    0.0397         0   0.06948         7       416         0         0         0         0         0         0         0
   147/299      2.9G   0.02939   0.04058         0   0.06997         2       416         0         0         0         0         0         0         0
   148/299      2.9G   0.02947   0.04048         0   0.06995         2       416         0         0         0         0         0         0         0
   149/299      2.9G   0.02947   0.04221         0   0.07168         8       416         0         0         0         0         0         0         0
   150/299      2.9G   0.02949   0.04069         0   0.07018         5       416         0         0         0         0         0         0         0
   151/299      2.9G   0.02911   0.03991         0   0.06903         1       416         0         0         0         0         0         0         0
   152/299      2.9G   0.02952   0.04027         0   0.06978         5       416         0         0         0         0         0         0         0
   153/299      2.9G   0.02917   0.04023         0    0.0694         1       416         0         0         0         0         0         0         0
   154/299      2.9G   0.02893   0.03819         0   0.06712         1       416         0         0         0         0         0         0         0
   155/299      2.9G   0.02877   0.03952         0   0.06829         2       416         0         0         0         0         0         0         0
   156/299      2.9G    0.0291   0.03958         0   0.06868         4       416         0         0         0         0         0         0         0
   157/299      2.9G   0.02894   0.03934         0   0.06829         1       416         0         0         0         0         0         0         0
   158/299      2.9G   0.02886   0.03992         0   0.06879         2       416         0         0         0         0         0         0         0
   159/299      2.9G   0.02867   0.03911         0   0.06777         1       416         0         0         0         0         0         0         0
   160/299      2.9G   0.02831   0.03791         0   0.06622         3       416         0         0         0         0         0         0         0
   161/299      2.9G   0.02916   0.04128         0   0.07044        14       416         0         0         0         0         0         0         0
   162/299      2.9G   0.02778   0.03908         0   0.06686         2       416         0         0         0         0         0         0         0
   163/299      2.9G   0.02896    0.0425         0   0.07146         4       416         0         0         0         0         0         0         0
   164/299      2.9G   0.02866   0.03998         0   0.06864         1       416         0         0         0         0         0         0         0
   165/299      2.9G   0.02772   0.03941         0   0.06713         2       416         0         0         0         0         0         0         0
   166/299      2.9G   0.02844   0.03948         0   0.06792         2       416         0         0         0         0         0         0         0
   167/299      2.9G    0.0284   0.03857         0   0.06697         1       416         0         0         0         0         0         0         0
   168/299      2.9G   0.02825   0.03819         0   0.06644         2       416         0         0         0         0         0         0         0
   169/299      2.9G   0.02817   0.04006         0   0.06823         4       416         0         0         0         0         0         0         0
   170/299      2.9G   0.02783   0.03806         0   0.06589         1       416         0         0         0         0         0         0         0
   171/299      2.9G   0.02727   0.03706         0   0.06433         2       416         0         0         0         0         0         0         0
   172/299      2.9G   0.02789   0.03898         0   0.06687         3       416         0         0         0         0         0         0         0
   173/299      2.9G   0.02811   0.03872         0   0.06683         3       416         0         0         0         0         0         0         0
   174/299      2.9G   0.02787   0.03706         0   0.06493         1       416         0         0         0         0         0         0         0
   175/299      2.9G   0.02826   0.03877         0   0.06703         2       416         0         0         0         0         0         0         0
   176/299      2.9G   0.02798   0.03806         0   0.06604         1       416         0         0         0         0         0         0         0
   177/299      2.9G    0.0268   0.03658         0   0.06339         1       416         0         0         0         0         0         0         0
   178/299      2.9G   0.02772   0.03895         0   0.06668         5       416         0         0         0         0         0         0         0
   179/299      2.9G   0.02772   0.03749         0   0.06521         4       416         0         0         0         0         0         0         0
   180/299      2.9G   0.02806   0.03762         0   0.06568         2       416         0         0         0         0         0         0         0
   181/299      2.9G   0.02816   0.03917         0   0.06732         4       416         0         0         0         0         0         0         0
   182/299      2.9G   0.02725   0.03746         0   0.06471         2       416         0         0         0         0         0         0         0
   183/299      2.9G   0.02675   0.03751         0   0.06425         2       416         0         0         0         0         0         0         0
   184/299      2.9G   0.02677   0.03716         0   0.06394         1       416         0         0         0         0         0         0         0
   185/299      2.9G   0.02759   0.03702         0   0.06462         4       416         0         0         0         0         0         0         0
   186/299      2.9G   0.02714   0.03696         0    0.0641         7       416         0         0         0         0         0         0         0
   187/299      2.9G   0.02717   0.03688         0   0.06405         4       416         0         0         0         0         0         0         0
   188/299      2.9G   0.02695   0.03739         0   0.06435         6       416         0         0         0         0         0         0         0
   189/299      2.9G   0.02668   0.03649         0   0.06317         1       416         0         0         0         0         0         0         0
   190/299      2.9G   0.02657   0.03663         0   0.06321         3       416         0         0         0         0         0         0         0
   191/299      2.9G   0.02682   0.03653         0   0.06335         2       416         0         0         0         0         0         0         0
   192/299      2.9G   0.02752    0.0369         0   0.06441         5       416         0         0         0         0         0         0         0
   193/299      2.9G   0.02664   0.03665         0   0.06329         4       416         0         0         0         0         0         0         0
   194/299      2.9G   0.02622   0.03763         0   0.06385         3       416         0         0         0         0         0         0         0
   195/299      2.9G   0.02658   0.03663         0   0.06321         3       416         0         0         0         0         0         0         0
   196/299      2.9G   0.02646   0.03643         0   0.06289         1       416         0         0         0         0         0         0         0
   197/299      2.9G   0.02579   0.03554         0   0.06134         1       416         0         0         0         0         0         0         0
   198/299      2.9G   0.02657   0.03648         0   0.06305         8       416         0         0         0         0         0         0         0
   199/299      2.9G   0.02568   0.03694         0   0.06261         3       416         0         0         0         0         0         0         0
   200/299      2.9G   0.02612   0.03589         0   0.06201         6       416         0         0         0         0         0         0         0
   201/299      2.9G   0.02569   0.03601         0    0.0617         2       416         0         0         0         0         0         0         0
   202/299      2.9G   0.02644   0.03569         0   0.06213         3       416         0         0         0         0         0         0         0
   203/299      2.9G   0.02625   0.03657         0   0.06282         4       416         0         0         0         0         0         0         0
   204/299      2.9G   0.02604   0.03665         0   0.06269         4       416         0         0         0         0         0         0         0
   205/299      2.9G   0.02607   0.03605         0   0.06212         3       416         0         0         0         0         0         0         0
   206/299      2.9G    0.0255   0.03607         0   0.06157         2       416         0         0         0         0         0         0         0
   207/299      2.9G   0.02545   0.03647         0   0.06192         3       416         0         0         0         0         0         0         0
   208/299      2.9G    0.0261   0.03853         0   0.06462        14       416         0         0         0         0         0         0         0
   209/299      2.9G    0.0255   0.03466         0   0.06016         2       416         0         0         0         0         0         0         0
   210/299      2.9G   0.02554   0.03404         0   0.05958         1       416         0         0         0         0         0         0         0
   211/299      2.9G   0.02573   0.03511         0   0.06084         4       416         0         0         0         0         0         0         0
   212/299      2.9G   0.02572   0.03579         0   0.06152        12       416         0         0         0         0         0         0         0
   213/299      2.9G   0.02537   0.03478         0   0.06015         4       416         0         0         0         0         0         0         0
   214/299      2.9G   0.02517   0.03425         0   0.05941         3       416         0         0         0         0         0         0         0
   215/299      2.9G   0.02584   0.03581         0   0.06165         2       416         0         0         0         0         0         0         0
   216/299      2.9G   0.02519   0.03462         0   0.05981        10       416         0         0         0         0         0         0         0
   217/299      2.9G   0.02531   0.03405         0   0.05936         4       416         0         0         0         0         0         0         0
   218/299      2.9G   0.02568   0.03579         0   0.06148         9       416         0         0         0         0         0         0         0
   219/299      2.9G   0.02515   0.03396         0   0.05911         5       416         0         0         0         0         0         0         0
   220/299      2.9G   0.02531   0.03589         0    0.0612        11       416         0         0         0         0         0         0         0
   221/299      2.9G    0.0253   0.03439         0   0.05968         2       416         0         0         0         0         0         0         0
   222/299      2.9G   0.02467   0.03426         0   0.05893         3       416         0         0         0         0         0         0         0
   223/299      2.9G   0.02485   0.03396         0   0.05881         1       416         0         0         0         0         0         0         0
   224/299      2.9G   0.02485   0.03387         0   0.05872         2       416         0         0         0         0         0         0         0
   225/299      2.9G   0.02485   0.03403         0   0.05888         2       416         0         0         0         0         0         0         0
   226/299      2.9G   0.02543   0.03428         0   0.05971         2       416         0         0         0         0         0         0         0
   227/299      2.9G   0.02484   0.03469         0   0.05953         8       416         0         0         0         0         0         0         0
   228/299      2.9G   0.02442    0.0333         0   0.05772         3       416         0         0         0         0         0         0         0
   229/299      2.9G   0.02409   0.03283         0   0.05693         2       416         0         0         0         0         0         0         0
   230/299      2.9G   0.02457   0.03465         0   0.05922         3       416         0         0         0         0         0         0         0
   231/299      2.9G   0.02451   0.03321         0   0.05771         4       416         0         0         0         0         0         0         0
   232/299      2.9G   0.02437   0.03315         0   0.05752         1       416         0         0         0         0         0         0         0
   233/299      2.9G   0.02466   0.03313         0    0.0578         2       416         0         0         0         0         0         0         0
   234/299      2.9G   0.02379    0.0336         0   0.05739         2       416         0         0         0         0         0         0         0
   235/299      2.9G   0.02445    0.0335         0   0.05795         2       416         0         0         0         0         0         0         0
   236/299      2.9G   0.02453   0.03331         0   0.05784         4       416         0         0         0         0         0         0         0
   237/299      2.9G   0.02438   0.03392         0   0.05831         1       416         0         0         0         0         0         0         0
   238/299      2.9G    0.0244   0.03256         0   0.05696         3       416         0         0         0         0         0         0         0
   239/299      2.9G   0.02358   0.03261         0   0.05619         0       416         0         0         0         0         0         0         0
   240/299      2.9G   0.02378   0.03269         0   0.05646         2       416         0         0         0         0         0         0         0
   241/299      2.9G   0.02457   0.03387         0   0.05843         3       416         0         0         0         0         0         0         0
   242/299      2.9G    0.0245   0.03379         0   0.05829         3       416         0         0         0         0         0         0         0
   243/299      2.9G   0.02407   0.03323         0    0.0573         2       416         0         0         0         0         0         0         0
   244/299      2.9G    0.0238   0.03238         0   0.05618         2       416         0         0         0         0         0         0         0
   245/299      2.9G   0.02359   0.03445         0   0.05804         7       416         0         0         0         0         0         0         0
   246/299      2.9G   0.02411   0.03306         0   0.05717         4       416         0         0         0         0         0         0         0
   247/299      2.9G   0.02351   0.03292         0   0.05643         9       416         0         0         0         0         0         0         0
   248/299      2.9G   0.02385   0.03381         0   0.05766        21       416         0         0         0         0         0         0         0
   249/299      2.9G   0.02416   0.03239         0   0.05655         1       416         0         0         0         0         0         0         0
   250/299      2.9G   0.02326   0.03197         0   0.05523         9       416         0         0         0         0         0         0         0
   251/299      2.9G   0.02371   0.03136         0   0.05507         4       416         0         0         0         0         0         0         0
   252/299      2.9G   0.02361   0.03287         0   0.05648         4       416         0         0         0         0         0         0         0
   253/299      2.9G   0.02379   0.03236         0   0.05615         4       416         0         0         0         0         0         0         0
   254/299      2.9G   0.02412   0.03237         0    0.0565         1       416         0         0         0         0         0         0         0
   255/299      2.9G   0.02307    0.0318         0   0.05487         2       416         0         0         0         0         0         0         0
   256/299      2.9G   0.02368   0.03196         0   0.05564         6       416         0         0         0         0         0         0         0
   257/299      2.9G   0.02331   0.03129         0   0.05461         2       416         0         0         0         0         0         0         0
   258/299      2.9G   0.02342   0.03233         0   0.05575         2       416         0         0         0         0         0         0         0
   259/299      2.9G   0.02326   0.03194         0    0.0552         4       416         0         0         0         0         0         0         0
   260/299      2.9G   0.02341   0.03137         0   0.05478         3       416         0         0         0         0         0         0         0
   261/299      2.9G   0.02286   0.03043         0    0.0533         0       416         0         0         0         0         0         0         0
   262/299      2.9G   0.02289    0.0314         0   0.05428         0       416         0         0         0         0         0         0         0
   263/299      2.9G   0.02293   0.03217         0    0.0551         2       416         0         0         0         0         0         0         0
   264/299      2.9G   0.02332   0.03081         0   0.05412         3       416         0         0         0         0         0         0         0
   265/299      2.9G   0.02315   0.03137         0   0.05452         3       416         0         0         0         0         0         0         0
   266/299      2.9G   0.02292   0.03149         0    0.0544         2       416         0         0         0         0         0         0         0
   267/299      2.9G   0.02309   0.03201         0    0.0551         5       416         0         0         0         0         0         0         0
   268/299      2.9G   0.02357   0.03201         0   0.05558        11       416         0         0         0         0         0         0         0
   269/299      2.9G   0.02336   0.03078         0   0.05413         2       416         0         0         0         0         0         0         0
   270/299      2.9G   0.02292   0.03219         0   0.05511         1       416         0         0         0         0         0         0         0
   271/299      2.9G   0.02318   0.03133         0   0.05451         5       416         0         0         0         0         0         0         0
   272/299      2.9G   0.02304   0.03204         0   0.05507         1       416         0         0         0         0         0         0         0
   273/299      2.9G   0.02289    0.0318         0   0.05469         6       416         0         0         0         0         0         0         0
   274/299      2.9G   0.02283   0.03072         0   0.05355         4       416         0         0         0         0         0         0         0
   275/299      2.9G   0.02319   0.03203         0   0.05522         4       416         0         0         0         0         0         0         0
   276/299      2.9G   0.02283   0.03123         0   0.05406         3       416         0         0         0         0         0         0         0
   277/299      2.9G   0.02276   0.03159         0   0.05435         4       416         0         0         0         0         0         0         0
   278/299      2.9G   0.02295   0.03579         0   0.05874        10       416         0         0         0         0         0         0         0
   279/299      2.9G   0.02332   0.03119         0   0.05451        11       416         0         0         0         0         0         0         0
   280/299      2.9G   0.02256   0.03143         0   0.05399         2       416         0         0         0         0         0         0         0
   281/299      2.9G   0.02263   0.03073         0   0.05336         1       416         0         0         0         0         0         0         0
   282/299      2.9G   0.02273   0.03162         0   0.05435         2       416         0         0         0         0         0         0         0
   283/299      2.9G   0.02289   0.03069         0   0.05358         6       416         0         0         0         0         0         0         0
   284/299      2.9G   0.02274   0.03109         0   0.05383         2       416         0         0         0         0         0         0         0
   285/299      2.9G   0.02197   0.03069         0   0.05266         1       416         0         0         0         0         0         0         0
   286/299      2.9G   0.02249   0.03041         0    0.0529         1       416         0         0         0         0         0         0         0
   287/299      2.9G   0.02305   0.03121         0   0.05426         5       416         0         0         0         0         0         0         0
   288/299      2.9G   0.02264   0.03189         0   0.05453         1       416         0         0         0         0         0         0         0
   289/299      2.9G   0.02226   0.03043         0   0.05269         1       416         0         0         0         0         0         0         0
   290/299      2.9G   0.02224   0.03056         0    0.0528         2       416         0         0         0         0         0         0         0
   291/299      2.9G   0.02253   0.03093         0   0.05347         8       416         0         0         0         0         0         0         0
   292/299      2.9G   0.02264    0.0309         0   0.05355         5       416         0         0         0         0         0         0         0
   293/299      2.9G   0.02232    0.0312         0   0.05352         4       416         0         0         0         0         0         0         0
   294/299      2.9G   0.02285   0.03173         0   0.05459         8       416         0         0         0         0         0         0         0
   295/299      2.9G   0.02246   0.03108         0   0.05355         4       416         0         0         0         0         0         0         0
   296/299      2.9G    0.0229   0.03019         0   0.05309         5       416         0         0         0         0         0         0         0
   297/299      2.9G   0.02245   0.03045         0    0.0529         7       416         0         0         0         0         0         0         0
   298/299      2.9G   0.02254   0.03058         0   0.05312         4       416         0         0         0         0         0         0         0
   299/299      2.9G   0.02251   0.02993         0   0.05244         5       416    0.7698    0.8285    0.8362    0.5243   0.03487   0.04858         0
