0 0.068984375 0.6644814444444445 0.044375 0.3904500000000001
0 0.25171875 0.7302874385964913 0.24312500000000004 0.14045000000000005
0 0.255234375 0.49622162573099415 0.106875 0.09644200000000004
0 0.2763671875 0.26994184795321635 0.11562499999999998 0.53839
0 0.288125 0.4342270467836257 0.06374999999999997 0.4897
0 0.3965234375 0.0985442865497076 0.029374999999999984 0.178839
0 0.7105859375 0.3837803567251462 0.04625000000000001 0.16198500000000005
0 0.7582421875 0.24099778362573102 0.021874999999999978 0.30524399999999996
0 0.84765625 0.17185713450292397 0.03937500000000005 0.219102
0 0.84890625 0.2990666374269006 0.04062500000000002 0.091761
0 0.914921875 0.274196649122807 0.06000000000000005 0.08988800000000001
0 0.8910546875 0.07663164912280702 0.007499999999999951 0.088951
0 0.9262890625 0.08482769590643276 0.01937500000000003 0.07678
0 0.9744140625 0.12302045029239767 0.04937500000000006 0.139513
