     0/349     2.73G     0.081   0.06713         0    0.1481         1       416         0         0         0         0         0         0         0
     1/349     2.82G   0.05689   0.06205         0    0.1189         6       416         0         0         0         0         0         0         0
     2/349     2.82G   0.05551   0.06452         0      0.12         2       416         0         0         0         0         0         0         0
     3/349     2.82G   0.05362   0.06722         0    0.1208         1       416         0         0         0         0         0         0         0
     4/349     2.82G   0.05058    0.0656         0    0.1162         1       416         0         0         0         0         0         0         0
     5/349     2.82G   0.04865   0.06344         0    0.1121         5       416         0         0         0         0         0         0         0
     6/349     2.82G   0.04793   0.06235         0    0.1103         1       416         0         0         0         0         0         0         0
     7/349     2.82G   0.04622    0.0616         0    0.1078         1       416         0         0         0         0         0         0         0
     8/349     2.82G   0.04594   0.06121         0    0.1071         4       416         0         0         0         0         0         0         0
     9/349     2.82G   0.04513   0.06054         0    0.1057         2       416         0         0         0         0         0         0         0
    10/349     2.82G   0.04373   0.05913         0    0.1029         4       416         0         0         0         0         0         0         0
    11/349     2.82G   0.04342   0.05858         0     0.102         4       416         0         0         0         0         0         0         0
    12/349     2.82G   0.04278   0.05915         0    0.1019        10       416         0         0         0         0         0         0         0
    13/349     2.82G   0.04243   0.05672         0   0.09915         7       416         0         0         0         0         0         0         0
    14/349     2.82G   0.04225   0.05804         0    0.1003         4       416         0         0         0         0         0         0         0
    15/349     2.82G   0.04162   0.05613         0   0.09775         1       416         0         0         0         0         0         0         0
    16/349     2.82G    0.0408   0.05714         0   0.09794        10       416         0         0         0         0         0         0         0
    17/349     2.82G   0.04059   0.05517         0   0.09576         1       416         0         0         0         0         0         0         0
    18/349     2.82G   0.04094   0.05538         0   0.09633         2       416         0         0         0         0         0         0         0
    19/349     2.82G   0.04004   0.05441         0   0.09445         5       416         0         0         0         0         0         0         0
    20/349     2.82G   0.03997   0.05492         0   0.09489         5       416         0         0         0         0         0         0         0
    21/349     2.82G   0.03975     0.055         0   0.09474         4       416         0         0         0         0         0         0         0
    22/349     2.82G   0.03936   0.05359         0   0.09295         1       416         0         0         0         0         0         0         0
    23/349     2.82G   0.03869   0.05286         0   0.09155         2       416         0         0         0         0         0         0         0
    24/349     2.82G   0.03839   0.05425         0   0.09264         4       416         0         0         0         0         0         0         0
    25/349     2.82G   0.03853   0.05348         0   0.09201        11       416         0         0         0         0         0         0         0
    26/349     2.82G   0.03786   0.05425         0   0.09211         5       416         0         0         0         0         0         0         0
    27/349     2.82G   0.03807   0.05143         0   0.08951         1       416         0         0         0         0         0         0         0
    28/349     2.82G    0.0376   0.05169         0   0.08929         2       416         0         0         0         0         0         0         0
    29/349     2.82G   0.03755   0.05167         0   0.08923         1       416         0         0         0         0         0         0         0
    30/349     2.82G   0.03782   0.05278         0    0.0906         3       416         0         0         0         0         0         0         0
    31/349     2.82G    0.0374   0.05168         0   0.08907         7       416         0         0         0         0         0         0         0
    32/349     2.82G   0.03682   0.05037         0   0.08719         2       416         0         0         0         0         0         0         0
    33/349     2.82G   0.03674   0.05201         0   0.08875         4       416         0         0         0         0         0         0         0
    34/349     2.82G   0.03682   0.05179         0    0.0886         1       416         0         0         0         0         0         0         0
    35/349     2.82G   0.03639   0.05082         0   0.08721         3       416         0         0         0         0         0         0         0
    36/349     2.82G   0.03646   0.04947         0   0.08593         1       416         0         0         0         0         0         0         0
    37/349     2.82G   0.03599   0.05125         0   0.08725         3       416         0         0         0         0         0         0         0
    38/349     2.82G   0.03629    0.0504         0   0.08669         1       416         0         0         0         0         0         0         0
    39/349     2.82G    0.0354   0.05039         0   0.08579         2       416         0         0         0         0         0         0         0
    40/349     2.82G   0.03547   0.04933         0    0.0848         1       416         0         0         0         0         0         0         0
    41/349     2.82G   0.03613   0.04983         0   0.08596         2       416         0         0         0         0         0         0         0
    42/349     2.82G   0.03547   0.04923         0   0.08471         2       416         0         0         0         0         0         0         0
    43/349     2.82G   0.03525   0.04849         0   0.08374         3       416         0         0         0         0         0         0         0
    44/349     2.82G   0.03531   0.04985         0   0.08517         1       416         0         0         0         0         0         0         0
    45/349     2.82G   0.03562   0.04926         0   0.08488         2       416         0         0         0         0         0         0         0
    46/349     2.82G   0.03487   0.04847         0   0.08333         2       416         0         0         0         0         0         0         0
    47/349     2.82G   0.03453   0.04784         0   0.08237        11       416         0         0         0         0         0         0         0
    48/349     2.82G   0.03492   0.04865         0   0.08357         1       416         0         0         0         0         0         0         0
    49/349     2.82G   0.03488   0.04827         0   0.08315         1       416         0         0         0         0         0         0         0
    50/349     2.82G    0.0345   0.04889         0   0.08339         4       416         0         0         0         0         0         0         0
    51/349     2.82G   0.03479     0.048         0   0.08279         1       416         0         0         0         0         0         0         0
    52/349     2.82G   0.03427   0.04737         0   0.08164         2       416         0         0         0         0         0         0         0
    53/349     2.82G   0.03414   0.04697         0   0.08112         2       416         0         0         0         0         0         0         0
    54/349     2.82G   0.03416   0.04719         0   0.08135         5       416         0         0         0         0         0         0         0
    55/349     2.82G   0.03387   0.04733         0    0.0812         2       416         0         0         0         0         0         0         0
    56/349     2.82G   0.03409   0.04691         0   0.08099         1       416         0         0         0         0         0         0         0
    57/349     2.82G   0.03355   0.04658         0   0.08013        10       416         0         0         0         0         0         0         0
    58/349     2.82G   0.03384   0.04708         0   0.08091         2       416         0         0         0         0         0         0         0
    59/349     2.82G   0.03342   0.04635         0   0.07976         3       416         0         0         0         0         0         0         0
    60/349     2.82G   0.03389     0.047         0   0.08089         2       416         0         0         0         0         0         0         0
    61/349     2.82G   0.03339   0.04704         0   0.08043         3       416         0         0         0         0         0         0         0
    62/349     2.82G    0.0333   0.04568         0   0.07899         2       416         0         0         0         0         0         0         0
    63/349     2.82G   0.03341   0.04717         0   0.08058         4       416         0         0         0         0         0         0         0
    64/349     2.82G   0.03295   0.04676         0   0.07971         1       416         0         0         0         0         0         0         0
    65/349     2.82G   0.03334   0.04636         0   0.07969         4       416         0         0         0         0         0         0         0
    66/349     2.82G   0.03338   0.04606         0   0.07943         4       416         0         0         0         0         0         0         0
    67/349     2.82G   0.03282   0.04647         0   0.07929         9       416         0         0         0         0         0         0         0
    68/349     2.82G   0.03313   0.04619         0   0.07931         2       416         0         0         0         0         0         0         0
    69/349     2.82G    0.0332   0.04666         0   0.07986         4       416         0         0         0         0         0         0         0
    70/349     2.82G   0.03291   0.04597         0   0.07889         1       416         0         0         0         0         0         0         0
    71/349     2.82G   0.03284   0.04644         0   0.07929         4       416         0         0         0         0         0         0         0
    72/349     2.82G   0.03202   0.04495         0   0.07697         4       416         0         0         0         0         0         0         0
    73/349     2.82G   0.03262    0.0463         0   0.07893         4       416         0         0         0         0         0         0         0
    74/349     2.82G   0.03227   0.04481         0   0.07708         1       416         0         0         0         0         0         0         0
    75/349     2.82G   0.03222   0.04539         0   0.07761         4       416         0         0         0         0         0         0         0
    76/349     2.82G   0.03189   0.04491         0    0.0768         1       416         0         0         0         0         0         0         0
    77/349     2.82G   0.03154   0.04479         0   0.07633         5       416         0         0         0         0         0         0         0
    78/349     2.82G   0.03234   0.04492         0   0.07726         3       416         0         0         0         0         0         0         0
    79/349     2.82G   0.03201   0.04428         0   0.07629         2       416         0         0         0         0         0         0         0
    80/349     2.82G   0.03215   0.04448         0   0.07664         6       416         0         0         0         0         0         0         0
    81/349     2.82G   0.03183   0.04484         0   0.07667         1       416         0         0         0         0         0         0         0
    82/349     2.82G   0.03166   0.04429         0   0.07595         1       416         0         0         0         0         0         0         0
    83/349     2.82G   0.03168    0.0446         0   0.07628        19       416         0         0         0         0         0         0         0
    84/349     2.82G   0.03159   0.04377         0   0.07536         2       416         0         0         0         0         0         0         0
    85/349     2.82G   0.03141   0.04478         0   0.07619         4       416         0         0         0         0         0         0         0
    86/349     2.82G   0.03122   0.04346         0   0.07468         0       416         0         0         0         0         0         0         0
    87/349     2.82G   0.03103   0.04371         0   0.07475         1       416         0         0         0         0         0         0         0
    88/349     2.82G   0.03162   0.04349         0   0.07511         4       416         0         0         0         0         0         0         0
    89/349     2.82G   0.03109   0.04367         0   0.07476         1       416         0         0         0         0         0         0         0
    90/349     2.82G   0.03102   0.04376         0   0.07478         1       416         0         0         0         0         0         0         0
    91/349     2.82G   0.03084   0.04347         0   0.07431         2       416         0         0         0         0         0         0         0
    92/349     2.82G   0.03095   0.04412         0   0.07507         1       416         0         0         0         0         0         0         0
    93/349     2.82G   0.03096    0.0439         0   0.07487         2       416         0         0         0         0         0         0         0
    94/349     2.82G   0.03053   0.04339         0   0.07392         1       416         0         0         0         0         0         0         0
    95/349     2.82G    0.0306   0.04288         0   0.07348         6       416         0         0         0         0         0         0         0
    96/349     2.82G   0.03042   0.04273         0   0.07315         4       416         0         0         0         0         0         0         0
    97/349     2.82G    0.0304   0.04255         0   0.07295         2       416         0         0         0         0         0         0         0
    98/349     2.82G   0.03021   0.04335         0   0.07356         3       416         0         0         0         0         0         0         0
    99/349     2.82G   0.03041   0.04122         0   0.07163         1       416         0         0         0         0         0         0         0
