     0/349     7.09G   0.07814   0.03508         0    0.1132        27       416         0         0         0         0         0         0         0
     1/349      7.1G   0.07986   0.03503         0    0.1149        27       416         0         0         0         0         0         0         0
     2/349      7.1G   0.07991   0.03525         0    0.1152        27       416         0         0         0         0         0         0         0
     3/349      7.1G   0.07903   0.03543         0    0.1145        27       416         0         0         0         0         0         0         0
     4/349      7.1G   0.07864    0.0354         0     0.114        27       416         0         0         0         0         0         0         0
     5/349      7.1G   0.07868   0.03557         0    0.1142        27       416         0         0         0         0         0         0         0
     6/349      7.1G   0.07878   0.03536         0    0.1141        27       416         0         0         0         0         0         0         0
     7/349      7.1G   0.07851   0.03548         0     0.114        27       416         0         0         0         0         0         0         0
     8/349      7.1G   0.07895   0.03523         0    0.1142        27       416         0         0         0         0         0         0         0
     9/349      7.1G   0.07784   0.03564         0    0.1135        27       416         0         0         0         0         0         0         0
    10/349      7.1G   0.07755   0.03549         0     0.113        27       416         0         0         0         0         0         0         0
    11/349      7.1G   0.07818   0.03591         0    0.1141        27       416         0         0         0         0         0         0         0
    12/349      7.1G   0.07709   0.03598         0    0.1131        27       416         0         0         0         0         0         0         0
    13/349      7.1G   0.07809   0.03567         0    0.1138        27       416         0         0         0         0         0         0         0
    14/349      7.1G   0.07735    0.0359         0    0.1132        27       416         0         0         0         0         0         0         0
    15/349      7.1G   0.07764   0.03576         0    0.1134        27       416         0         0         0         0         0         0         0
    16/349      7.1G   0.07742   0.03585         0    0.1133        27       416         0         0         0         0         0         0         0
    17/349      7.1G   0.07742    0.0356         0     0.113        27       416         0         0         0         0         0         0         0
    18/349      7.1G   0.07699   0.03576         0    0.1127        27       416         0         0         0         0         0         0         0
    19/349      7.1G   0.07664   0.03592         0    0.1126        27       416         0         0         0         0         0         0         0
    20/349      7.1G   0.07654   0.03571         0    0.1123        27       416         0         0         0         0         0         0         0
    21/349      7.1G   0.07655   0.03586         0    0.1124        27       416         0         0         0         0         0         0         0
    22/349      7.1G   0.07604   0.03573         0    0.1118        27       416         0         0         0         0         0         0         0
    23/349      7.1G   0.07594   0.03573         0    0.1117        27       416         0         0         0         0         0         0         0
    24/349      7.1G   0.07596   0.03574         0    0.1117        27       416         0         0         0         0         0         0         0
    25/349      7.1G   0.07551   0.03574         0    0.1112        27       416         0         0         0         0         0         0         0
    26/349      7.1G   0.07543   0.03574         0    0.1112        27       416         0         0         0         0         0         0         0
    27/349      7.1G   0.07545   0.03581         0    0.1113        27       416         0         0         0         0         0         0         0
    28/349      7.1G   0.07476   0.03569         0    0.1105        27       416         0         0         0         0         0         0         0
    29/349      7.1G   0.07454    0.0358         0    0.1103        27       416         0         0         0         0         0         0         0
    30/349      7.1G   0.07447    0.0358         0    0.1103        27       416         0         0         0         0         0         0         0
    31/349      7.1G   0.07389   0.03581         0    0.1097        27       416         0         0         0         0         0         0         0
    32/349      7.1G   0.07412    0.0357         0    0.1098        27       416         0         0         0         0         0         0         0
    33/349      7.1G   0.07402   0.03571         0    0.1097        27       416         0         0         0         0         0         0         0
    34/349      7.1G    0.0738   0.03586         0    0.1097        27       416         0         0         0         0         0         0         0
    35/349      7.1G   0.07319   0.03592         0    0.1091        27       416         0         0         0         0         0         0         0
    36/349      7.1G   0.07382   0.03571         0    0.1095        27       416         0         0         0         0         0         0         0
    37/349      7.1G   0.07342   0.03561         0     0.109        27       416         0         0         0         0         0         0         0
    38/349      7.1G   0.07302   0.03582         0    0.1088        27       416         0         0         0         0         0         0         0
    39/349      7.1G   0.07329   0.03588         0    0.1092        27       416         0         0         0         0         0         0         0
    40/349      7.1G    0.0731   0.03577         0    0.1089        27       416         0         0         0         0         0         0         0
    41/349      7.1G   0.07302   0.03579         0    0.1088        27       416         0         0         0         0         0         0         0
    42/349      7.1G   0.07331   0.03564         0    0.1089        27       416         0         0         0         0         0         0         0
    43/349      7.1G   0.07263   0.03585         0    0.1085        27       416         0         0         0         0         0         0         0
    44/349      7.1G   0.07267   0.03571         0    0.1084        27       416         0         0         0         0         0         0         0
    45/349      7.1G   0.07264   0.03598         0    0.1086        27       416         0         0         0         0         0         0         0
    46/349      7.1G    0.0725   0.03575         0    0.1083        27       416         0         0         0         0         0         0         0
    47/349      7.1G   0.07236   0.03599         0    0.1083        27       416         0         0         0         0         0         0         0
    48/349      7.1G   0.07206     0.036         0    0.1081        27       416         0         0         0         0         0         0         0
    49/349      7.1G   0.07254   0.03576         0    0.1083        27       416         0         0         0         0         0         0         0
    50/349      7.1G   0.07208    0.0359         0     0.108        27       416         0         0         0         0         0         0         0
    51/349      7.1G   0.07216   0.03571         0    0.1079        27       416         0         0         0         0         0         0         0
    52/349      7.1G   0.07211   0.03583         0    0.1079        27       416         0         0         0         0         0         0         0
    53/349      7.1G    0.0723   0.03571         0     0.108        27       416         0         0         0         0         0         0         0
    54/349      7.1G   0.07166   0.03592         0    0.1076        27       416         0         0         0         0         0         0         0
    55/349      7.1G   0.07127    0.0359         0    0.1072        27       416         0         0         0         0         0         0         0
    56/349      7.1G   0.07155   0.03582         0    0.1074        27       416         0         0         0         0         0         0         0
    57/349      7.1G   0.07158   0.03585         0    0.1074        27       416         0         0         0         0         0         0         0
    58/349      7.1G   0.07145   0.03578         0    0.1072        27       416         0         0         0         0         0         0         0
    59/349      7.1G   0.07113   0.03596         0    0.1071        27       416         0         0         0         0         0         0         0
    60/349      7.1G   0.07113     0.036         0    0.1071        27       416         0         0         0         0         0         0         0
    61/349      7.1G   0.07091   0.03582         0    0.1067        27       416         0         0         0         0         0         0         0
    62/349      7.1G   0.07111   0.03578         0    0.1069        27       416         0         0         0         0         0         0         0
    63/349      7.1G   0.07094   0.03591         0    0.1068        27       416         0         0         0         0         0         0         0
    64/349      7.1G   0.07067   0.03598         0    0.1067        27       416         0         0         0         0         0         0         0
    65/349      7.1G   0.07066     0.036         0    0.1067        27       416         0         0         0         0         0         0         0
    66/349      7.1G   0.07054   0.03579         0    0.1063        27       416         0         0         0         0         0         0         0
    67/349      7.1G   0.07061   0.03587         0    0.1065        27       416         0         0         0         0         0         0         0
    68/349      7.1G   0.07032   0.03584         0    0.1062        27       416         0         0         0         0         0         0         0
    69/349      7.1G   0.07079    0.0358         0    0.1066        27       416         0         0         0         0         0         0         0
    70/349      7.1G   0.07047   0.03585         0    0.1063        27       416         0         0         0         0         0         0         0
    71/349      7.1G   0.07063   0.03585         0    0.1065        27       416         0         0         0         0         0         0         0
    72/349      7.1G   0.07011   0.03578         0    0.1059        27       416         0         0         0         0         0         0         0
    73/349      7.1G   0.07021   0.03577         0     0.106        27       416         0         0         0         0         0         0         0
    74/349      7.1G   0.07025   0.03584         0    0.1061        27       416         0         0         0         0         0         0         0
    75/349      7.1G   0.07003   0.03577         0    0.1058        27       416         0         0         0         0         0         0         0
    76/349      7.1G   0.06985   0.03595         0    0.1058        27       416         0         0         0         0         0         0         0
    77/349      7.1G    0.0701   0.03581         0    0.1059        27       416         0         0         0         0         0         0         0
    78/349      7.1G   0.07023   0.03582         0    0.1061        27       416         0         0         0         0         0         0         0
    79/349      7.1G   0.06987   0.03579         0    0.1057        27       416         0         0         0         0         0         0         0
    80/349      7.1G    0.0701   0.03565         0    0.1057        27       416         0         0         0         0         0         0         0
    81/349      7.1G   0.06973   0.03584         0    0.1056        27       416         0         0         0         0         0         0         0
    82/349      7.1G   0.06961   0.03608         0    0.1057        27       416         0         0         0         0         0         0         0
    83/349      7.1G   0.06979   0.03561         0    0.1054        27       416         0         0         0         0         0         0         0
    84/349      7.1G   0.06969   0.03571         0    0.1054        27       416         0         0         0         0         0         0         0
    85/349      7.1G   0.06945   0.03574         0    0.1052        27       416         0         0         0         0         0         0         0
    86/349      7.1G   0.06949   0.03573         0    0.1052        27       416         0         0         0         0         0         0         0
    87/349      7.1G   0.06951   0.03574         0    0.1052        27       416         0         0         0         0         0         0         0
    88/349      7.1G   0.06945   0.03576         0    0.1052        27       416         0         0         0         0         0         0         0
    89/349      7.1G   0.06931   0.03586         0    0.1052        27       416         0         0         0         0         0         0         0
    90/349      7.1G   0.06949   0.03565         0    0.1051        27       416         0         0         0         0         0         0         0
    91/349      7.1G   0.06963   0.03571         0    0.1053        27       416         0         0         0         0         0         0         0
    92/349      7.1G   0.06905   0.03558         0    0.1046        27       416         0         0         0         0         0         0         0
    93/349      7.1G   0.06917   0.03562         0    0.1048        27       416         0         0         0         0         0         0         0
    94/349      7.1G   0.06919   0.03549         0    0.1047        27       416         0         0         0         0         0         0         0
    95/349      7.1G   0.06908   0.03569         0    0.1048        27       416         0         0         0         0         0         0         0
    96/349      7.1G   0.06904   0.03575         0    0.1048        27       416         0         0         0         0         0         0         0
    97/349      7.1G   0.06884   0.03565         0    0.1045        27       416         0         0         0         0         0         0         0
    98/349      7.1G   0.06894   0.03562         0    0.1046        27       416         0         0         0         0         0         0         0
    99/349      7.1G   0.06872   0.03564         0    0.1044        27       416         0         0         0         0         0         0         0
   100/349      7.1G   0.06899   0.03555         0    0.1045        27       416         0         0         0         0         0         0         0
   101/349      7.1G   0.06891   0.03561         0    0.1045        27       416         0         0         0         0         0         0         0
   102/349      7.1G   0.06871   0.03566         0    0.1044        27       416         0         0         0         0         0         0         0
   103/349      7.1G   0.06872   0.03556         0    0.1043        27       416         0         0         0         0         0         0         0
   104/349      7.1G   0.06873   0.03573         0    0.1045        27       416         0         0         0         0         0         0         0
   105/349      7.1G    0.0688   0.03553         0    0.1043        27       416         0         0         0         0         0         0         0
   106/349      7.1G   0.06911   0.03551         0    0.1046        27       416         0         0         0         0         0         0         0
   107/349      7.1G   0.06853   0.03566         0    0.1042        27       416         0         0         0         0         0         0         0
   108/349      7.1G   0.06847   0.03562         0    0.1041        27       416         0         0         0         0         0         0         0
   109/349      7.1G   0.06893   0.03553         0    0.1045        27       416         0         0         0         0         0         0         0
   110/349      7.1G   0.06875   0.03555         0    0.1043        27       416         0         0         0         0         0         0         0
   111/349      7.1G   0.06844   0.03554         0     0.104        27       416         0         0         0         0         0         0         0
   112/349      7.1G   0.06866   0.03557         0    0.1042        27       416         0         0         0         0         0         0         0
   113/349      7.1G   0.06857   0.03552         0    0.1041        27       416         0         0         0         0         0         0         0
   114/349      7.1G   0.06842   0.03562         0     0.104        27       416         0         0         0         0         0         0         0
   115/349      7.1G   0.06831   0.03558         0    0.1039        27       416         0         0         0         0         0         0         0
   116/349      7.1G   0.06828   0.03554         0    0.1038        27       416         0         0         0         0         0         0         0
   117/349      7.1G   0.06828   0.03552         0    0.1038        27       416         0         0         0         0         0         0         0
   118/349      7.1G   0.06824   0.03555         0    0.1038        27       416         0         0         0         0         0         0         0
   119/349      7.1G   0.06796   0.03551         0    0.1035        27       416         0         0         0         0         0         0         0
   120/349      7.1G   0.06805   0.03551         0    0.1036        27       416         0         0         0         0         0         0         0
   121/349      7.1G   0.06825   0.03548         0    0.1037        27       416         0         0         0         0         0         0         0
   122/349      7.1G   0.06769   0.03564         0    0.1033        27       416         0         0         0         0         0         0         0
   123/349      7.1G   0.06797   0.03536         0    0.1033        27       416         0         0         0         0         0         0         0
   124/349      7.1G   0.06791   0.03544         0    0.1033        27       416         0         0         0         0         0         0         0
   125/349      7.1G   0.06821   0.03522         0    0.1034        27       416         0         0         0         0         0         0         0
   126/349      7.1G   0.06782   0.03532         0    0.1031        27       416         0         0         0         0         0         0         0
   127/349      7.1G   0.06779   0.03546         0    0.1032        27       416         0         0         0         0         0         0         0
   128/349      7.1G   0.06782   0.03547         0    0.1033        27       416         0         0         0         0         0         0         0
   129/349      7.1G   0.06767   0.03545         0    0.1031        27       416         0         0         0         0         0         0         0
   130/349      7.1G    0.0678   0.03551         0    0.1033        27       416         0         0         0         0         0         0         0
   131/349      7.1G   0.06748   0.03547         0    0.1029        27       416         0         0         0         0         0         0         0
   132/349      7.1G    0.0676   0.03544         0     0.103        27       416         0         0         0         0         0         0         0
   133/349      7.1G   0.06788   0.03545         0    0.1033        27       416         0         0         0         0         0         0         0
   134/349      7.1G   0.06749   0.03564         0    0.1031        27       416         0         0         0         0         0         0         0
   135/349      7.1G   0.06741   0.03549         0    0.1029        27       416         0         0         0         0         0         0         0
   136/349      7.1G   0.06753   0.03549         0     0.103        27       416         0         0         0         0         0         0         0
   137/349      7.1G   0.06736   0.03554         0    0.1029        27       416         0         0         0         0         0         0         0
   138/349      7.1G   0.06776   0.03541         0    0.1032        27       416         0         0         0         0         0         0         0
   139/349      7.1G   0.06742   0.03549         0    0.1029        27       416         0         0         0         0         0         0         0
   140/349      7.1G   0.06765    0.0354         0     0.103        27       416         0         0         0         0         0         0         0
   141/349      7.1G   0.06737    0.0354         0    0.1028        27       416         0         0         0         0         0         0         0
   142/349      7.1G   0.06723   0.03551         0    0.1027        27       416         0         0         0         0         0         0         0
   143/349      7.1G   0.06717   0.03544         0    0.1026        27       416         0         0         0         0         0         0         0
   144/349      7.1G   0.06702    0.0355         0    0.1025        27       416         0         0         0         0         0         0         0
   145/349      7.1G   0.06746    0.0354         0    0.1029        27       416         0         0         0         0         0         0         0
   146/349      7.1G   0.06718   0.03537         0    0.1025        27       416         0         0         0         0         0         0         0
   147/349      7.1G   0.06684    0.0355         0    0.1023        27       416         0         0         0         0         0         0         0
   148/349      7.1G   0.06677   0.03539         0    0.1022        27       416         0         0         0         0         0         0         0
   149/349      7.1G   0.06691   0.03548         0    0.1024        27       416         0         0         0         0         0         0         0
   150/349      7.1G   0.06712   0.03544         0    0.1026        27       416         0         0         0         0         0         0         0
   151/349      7.1G   0.06732   0.03531         0    0.1026        27       416         0         0         0         0         0         0         0
   152/349      7.1G   0.06669   0.03535         0     0.102        27       416         0         0         0         0         0         0         0
   153/349      7.1G   0.06658   0.03543         0     0.102        27       416         0         0         0         0         0         0         0
   154/349      7.1G   0.06659   0.03543         0     0.102        27       416         0         0         0         0         0         0         0
   155/349      7.1G   0.06685    0.0354         0    0.1023        27       416         0         0         0         0         0         0         0
   156/349      7.1G   0.06689   0.03538         0    0.1023        27       416         0         0         0         0         0         0         0
   157/349      7.1G   0.06692   0.03548         0    0.1024        27       416         0         0         0         0         0         0         0
   158/349      7.1G   0.06643   0.03544         0    0.1019        27       416         0         0         0         0         0         0         0
   159/349      7.1G   0.06659   0.03548         0    0.1021        27       416         0         0         0         0         0         0         0
   160/349      7.1G   0.06618   0.03551         0    0.1017        27       416         0         0         0         0         0         0         0
   161/349      7.1G   0.06662   0.03541         0     0.102        27       416         0         0         0         0         0         0         0
   162/349      7.1G   0.06666   0.03531         0     0.102        27       416         0         0         0         0         0         0         0
   163/349      7.1G   0.06656   0.03544         0     0.102        27       416         0         0         0         0         0         0         0
   164/349      7.1G   0.06639    0.0355         0    0.1019        27       416         0         0         0         0         0         0         0
   165/349      7.1G   0.06629   0.03547         0    0.1018        27       416         0         0         0         0         0         0         0
   166/349      7.1G   0.06601   0.03554         0    0.1015        27       416         0         0         0         0         0         0         0
   167/349      7.1G    0.0666   0.03528         0    0.1019        27       416         0         0         0         0         0         0         0
   168/349      7.1G   0.06615   0.03538         0    0.1015        27       416         0         0         0         0         0         0         0
   169/349      7.1G    0.0664   0.03544         0    0.1018        27       416         0         0         0         0         0         0         0
   170/349      7.1G   0.06622   0.03551         0    0.1017        27       416         0         0         0         0         0         0         0
   171/349      7.1G   0.06617   0.03538         0    0.1016        27       416         0         0         0         0         0         0         0
   172/349      7.1G     0.066   0.03544         0    0.1014        27       416         0         0         0         0         0         0         0
   173/349      7.1G   0.06606   0.03537         0    0.1014        27       416         0         0         0         0         0         0         0
   174/349      7.1G   0.06571   0.03549         0    0.1012        27       416         0         0         0         0         0         0         0
   175/349      7.1G   0.06619   0.03528         0    0.1015        27       416         0         0         0         0         0         0         0
   176/349      7.1G   0.06605   0.03536         0    0.1014        27       416         0         0         0         0         0         0         0
   177/349      7.1G   0.06593   0.03532         0    0.1012        27       416         0         0         0         0         0         0         0
   178/349      7.1G   0.06608   0.03529         0    0.1014        27       416         0         0         0         0         0         0         0
   179/349      7.1G   0.06583   0.03546         0    0.1013        27       416         0         0         0         0         0         0         0
   180/349      7.1G   0.06619   0.03522         0    0.1014        27       416         0         0         0         0         0         0         0
   181/349      7.1G   0.06597   0.03534         0    0.1013        27       416         0         0         0         0         0         0         0
   182/349      7.1G   0.06577   0.03546         0    0.1012        27       416         0         0         0         0         0         0         0
   183/349      7.1G   0.06587   0.03541         0    0.1013        27       416         0         0         0         0         0         0         0
   184/349      7.1G   0.06573   0.03547         0    0.1012        27       416         0         0         0         0         0         0         0
   185/349      7.1G   0.06537   0.03544         0    0.1008        27       416         0         0         0         0         0         0         0
   186/349      7.1G   0.06567   0.03534         0     0.101        27       416         0         0         0         0         0         0         0
   187/349      7.1G   0.06506   0.03544         0    0.1005        27       416         0         0         0         0         0         0         0
   188/349      7.1G   0.06543   0.03533         0    0.1008        27       416         0         0         0         0         0         0         0
   189/349      7.1G   0.06545    0.0353         0    0.1007        27       416         0         0         0         0         0         0         0
   190/349      7.1G   0.06544   0.03533         0    0.1008        27       416         0         0         0         0         0         0         0
   191/349      7.1G   0.06547   0.03528         0    0.1008        27       416         0         0         0         0         0         0         0
   192/349      7.1G   0.06538   0.03536         0    0.1007        27       416         0         0         0         0         0         0         0
